1428.42,.325250
1428.82,.324321
1429.21,.323851
1429.60,.324332
1430.00,.324650
1430.39,.324680
1430.79,.323530
1431.18,.323861
1431.58,.324208
1431.97,.323668
1432.37,.324140
1432.77,.324425
1433.16,.324283
1433.56,.324619
1433.95,.324703
1434.35,.324358
1434.75,.323548
1435.14,.323483
1435.54,.324354
1435.94,.325195
1436.34,.324631
1436.74,.324637
1437.13,.324599
1437.53,.323795
1437.93,.324228
1438.33,.324724
1438.73,.323960
1439.13,.324638
1439.53,.325646
1439.93,.325180
1440.33,.323781
1440.73,.324007
1441.13,.324819
1441.53,.324788
1441.93,.324459
1442.33,.324129
1442.73,.324952
1443.13,.325175
1443.54,.324139
1443.94,.324390
1444.34,.325168
1444.74,.325520
1445.15,.325902
1445.55,.325200
1445.95,.323813
1446.35,.324203
1446.76,.324751
1447.16,.324827
1447.57,.324899
1447.97,.324942
1448.37,.324587
1448.78,.324836
1449.18,.325119
1449.59,.324543
1449.99,.324140
1450.40,.324409
1450.81,.325222
1451.21,.325063
1451.62,.324423
1452.03,.324456
1452.43,.324715
1452.84,.325023
1453.25,.325314
1453.65,.325569
1454.06,.325513
1454.47,.324607
1454.88,.324248
1455.29,.324812
1455.69,.324574
1456.10,.324451
1456.51,.324202
1456.92,.323280
1457.33,.323420
1457.74,.323743
1458.15,.323887
1458.56,.324365
1458.97,.324355
1459.38,.324264
1459.79,.324303
1460.20,.323915
1460.62,.324026
1461.03,.324770
1461.44,.324814
1461.85,.324290
1462.26,.324066
1462.68,.324238
1463.09,.324023
1463.50,.323843
1463.91,.324117
1464.33,.324597
1464.74,.325109
1465.16,.325217
1465.57,.324708
1465.98,.324976
1466.40,.324761
1466.81,.324244
1467.23,.324451
1467.64,.324392
1468.06,.324281
1468.48,.324438
1468.89,.324539
1469.31,.324677
1469.72,.324967
1470.14,.324373
1470.56,.323757
1470.97,.323794
1471.39,.324190
1471.81,.324748
1472.23,.324746
1472.65,.324263
1473.06,.324075
1473.48,.323719
1473.90,.324040
1474.32,.324568
1474.74,.325002
1475.16,.324380
1475.58,.323685
1476.00,.323628
1476.42,.324242
1476.84,.324336
1477.26,.324461
1477.68,.323659
1478.10,.322515
1478.53,.322938
1478.95,.323856
1479.37,.324372
1479.79,.324364
1480.21,.324520
1480.64,.324539
1481.06,.324545
1481.48,.323927
1481.91,.323043
1482.33,.323162
1482.75,.323569
1483.18,.323501
1483.60,.322651
1484.03,.322887
1484.45,.323285
1484.88,.323548
1485.30,.323674
1485.73,.323313
1486.15,.323017
1486.58,.323123
1487.01,.323876
1487.43,.324340
1487.86,.323907
1488.29,.323737
1488.71,.323435
1489.14,.323213
1489.57,.322989
1490.00,.322879
1490.43,.323755
1490.85,.323835
1491.28,.323523
1491.71,.323120
1492.14,.322467
1492.57,.321746
1493.00,.322322
1493.43,.322958
1493.86,.322902
1494.29,.323162
1494.72,.322864
1495.15,.322090
1495.58,.321838
1496.02,.321669
1496.45,.322050
1496.88,.322813
1497.31,.322654
1497.75,.321800
1498.18,.321581
1498.61,.322099
1499.04,.322429
1499.48,.322406
1499.91,.322310
1500.35,.322087
1500.78,.322327
1501.21,.322341
1501.65,.322057
1502.08,.322253
1502.52,.321893
1502.96,.321907
1503.39,.321516
1503.83,.321343
1504.26,.321830
1504.70,.322072
1505.14,.322003
1505.57,.322038
1506.01,.321883
1506.45,.320983
1506.89,.320714
1507.32,.320993
1507.76,.320704
1508.20,.320994
1508.64,.321556
1509.08,.321723
1509.52,.321106
1509.96,.320954
1510.40,.321359
1510.84,.321298
1511.28,.321211
1511.72,.321402
1512.16,.321555
1512.60,.321153
1513.04,.320151
1513.48,.319859
1513.93,.320246
1514.37,.320552
1514.81,.320448
1515.25,.320198
1515.70,.320489
1516.14,.320911
1516.58,.320280
1517.03,.320149
1517.47,.319944
1517.92,.319904
1518.36,.319721
1518.80,.319627
1519.25,.319562
1519.69,.319363
1520.14,.319632
1520.59,.319939
1521.03,.319473
1521.48,.319381
1521.93,.319849
1522.37,.319770
1522.82,.319760
1523.27,.319423
1523.71,.318924
1524.16,.319299
1524.61,.319460
1525.06,.318619
1525.51,.318175
1525.96,.318758
1526.41,.319030
1526.86,.318529
1527.31,.318246
1527.76,.318448
1528.21,.318392
1528.66,.318487
1529.11,.318766
1529.56,.318501
1530.01,.318464
1530.46,.318480
1530.91,.317869
1531.37,.317855
1531.82,.318361
1532.27,.317675
1532.72,.317228
1533.18,.317867
1533.63,.318230
1534.08,.317886
1534.54,.317450
1534.99,.317927
1535.45,.318326
1535.90,.317857
1536.36,.317107
1536.81,.316698
1537.27,.316291
1537.72,.316189
1538.18,.316254
1538.64,.316282
1539.09,.316357
1539.55,.316798
1540.01,.316871
1540.46,.316424
1540.92,.316181
1541.38,.316095
1541.84,.316341
1542.30,.316299
1542.76,.315875
1543.22,.315583
1543.68,.315831
1544.14,.315646
1544.59,.315169
1545.06,.315476
1545.52,.315479
1545.98,.315117
1546.44,.314797
1546.90,.314990
1547.36,.315234
1547.82,.314973
1548.29,.314342
1548.75,.314610
1549.21,.314612
1549.67,.314270
1550.14,.314908
1550.60,.314917
1551.06,.314339
1551.53,.314359
1551.99,.314216
1552.46,.314070
1552.92,.313682
1553.39,.313318
1553.85,.313699
1554.32,.314028
1554.79,.313737
1555.25,.313450
1555.72,.313163
1556.19,.312827
1556.65,.312611
1557.12,.312735
1557.59,.313133
1558.06,.313091
1558.52,.313108
1558.99,.312895
1559.46,.312533
1559.93,.312477
1560.40,.312263
1560.87,.312158
1561.34,.312412
1561.81,.312518
1562.28,.312022
1562.75,.311993
1563.22,.312039
1563.69,.311847
1564.17,.311643
1564.64,.311448
1565.11,.311081
1565.58,.310892
1566.06,.310942
1566.53,.310836
1567.00,.310727
1567.48,.310466
1567.95,.310514
1568.42,.310691
1568.90,.310451
1569.37,.310111
1569.85,.309834
1570.32,.309574
1570.80,.309506
1571.28,.309780
1571.75,.309774
1572.23,.309568
1572.71,.309674
1573.18,.309820
1573.66,.309588
1574.14,.309220
1574.62,.309205
1575.10,.309004
1575.57,.308529
1576.05,.308493
1576.53,.308576
1577.01,.308337
1577.49,.308033
1577.97,.307975
1578.45,.308105
1578.93,.308019
1579.41,.307878
1579.89,.307753
1580.38,.307561
1580.86,.307571
1581.34,.307375
1581.82,.307250
1582.31,.307422
1582.79,.307223
1583.27,.306593
1583.76,.306413
1584.24,.306936
1584.72,.307007
1585.21,.306991
1585.69,.306495
1586.18,.305727
1586.66,.305533
1587.15,.305824
1587.64,.306196
1588.12,.306238
1588.61,.305852
1589.09,.305287
1589.58,.305122
1590.07,.305230
1590.56,.305028
1591.05,.304933
1591.53,.304963
1592.02,.304584
1592.51,.304017
1593.00,.303859
1593.49,.303794
1593.98,.303695
1594.47,.303877
1594.96,.304288
1595.45,.304145
1595.94,.303605
1596.43,.303309
1596.93,.303481
1597.42,.303359
1597.91,.303004
1598.40,.302975
1598.90,.302879
1599.39,.302851
1599.88,.302470
1600.38,.302070
1600.87,.302196
1601.36,.302645
1601.86,.302567
1602.35,.301893
1602.85,.301928
1603.35,.302314
1603.84,.301997
1604.34,.301324
1604.83,.301158
1605.33,.301229
1605.83,.301289
1606.33,.301011
1606.82,.300910
1607.32,.300670
1607.82,.300490
1608.32,.300282
1608.82,.300100
1609.32,.300057
1609.82,.299873
1610.32,.299866
1610.82,.299939
1611.32,.299586
1611.82,.299459
1612.32,.299262
1612.82,.298836
1613.32,.298531
1613.83,.298681
1614.33,.298737
1614.83,.298509
1615.33,.298517
1615.84,.298487
1616.34,.297974
1616.85,.297858
1617.35,.297927
1617.85,.297560
1618.36,.297119
1618.87,.297017
1619.37,.297122
1619.88,.297101
1620.38,.296893
1620.89,.296878
1621.40,.296750
1621.90,.296500
1622.41,.296034
1622.92,.295782
1623.43,.295925
1623.94,.295908
1624.44,.295730
1624.95,.295614
1625.46,.295597
1625.97,.295162
1626.48,.294903
1626.99,.294947
1627.50,.294911
1628.01,.294634
1628.53,.294776
1629.04,.294766
1629.55,.294266
1630.06,.293774
1630.57,.293829
1631.09,.293571
1631.60,.293143
1632.11,.293219
1632.63,.293539
1633.14,.293241
1633.66,.292777
1634.17,.292587
1634.69,.292674
1635.20,.292340
1635.72,.292063
1636.24,.291739
1636.75,.291609
1637.27,.291725
1637.79,.291879
1638.30,.291812
1638.82,.291717
1639.34,.291565
1639.86,.291274
1640.38,.290890
1640.90,.290589
1641.42,.290272
1641.94,.290198
1642.46,.290073
1642.98,.289832
1643.50,.289696
1644.02,.289537
1644.54,.289414
1645.06,.289412
1645.58,.289335
1646.11,.289467
1646.63,.289522
1647.15,.289142
1647.67,.288582
1648.20,.288427
1648.72,.288013
1649.25,.287672
1649.77,.287842
1650.30,.287727
1650.82,.287491
1651.35,.287335
1651.87,.287128
1652.40,.287110
1652.93,.287070
1653.45,.286845
1653.98,.286985
1654.51,.286886
1655.04,.286228
1655.57,.285844
1656.10,.285663
1656.62,.285534
1657.15,.285604
1657.68,.285611
1658.21,.285322
1658.74,.285091
1659.28,.285092
1659.81,.285167
1660.34,.284891
1660.87,.284650
1661.40,.284486
1661.93,.284389
1662.47,.284135
1663.00,.283936
1663.53,.283879
1664.07,.283776
1664.60,.283443
1665.14,.283275
1665.67,.282966
1666.21,.282578
1666.74,.282664
1667.28,.282389
1667.82,.282275
1668.35,.282207
1668.89,.282117
1669.43,.281908
1669.96,.281346
1670.50,.281253
1671.04,.281429
1671.58,.281028
1672.12,.280909
1672.66,.280666
1673.20,.280276
1673.74,.280266
1674.28,.280327
1674.82,.280131
1675.36,.280131
1675.90,.279949
1676.44,.279742
1676.99,.279505
1677.53,.279382
1678.07,.279150
1678.61,.278888
1679.16,.278881
1679.70,.278899
1680.25,.278643
1680.79,.278258
1681.34,.277921
1681.88,.277737
1682.43,.277656
1682.97,.277377
1683.52,.277103
1684.07,.277040
1684.61,.276978
1685.16,.276591
1685.71,.276039
1686.26,.275760
1686.81,.275977
1687.35,.275955
1687.90,.275746
1688.45,.275611
1689.00,.275370
1689.55,.275452
1690.11,.275231
1690.66,.274734
1691.21,.274362
1691.76,.274391
1692.31,.274491
1692.86,.274242
1693.42,.273920
1693.97,.273575
1694.52,.273613
1695.08,.273750
1695.63,.273536
1696.19,.273246
1696.74,.273089
1697.30,.272963
1697.85,.272674
1698.41,.272421
1698.97,.272324
1699.52,.272223
1700.08,.272040
1700.64,.271880
1701.20,.271653
1701.75,.271648
1702.31,.271434
1702.87,.270948
1703.43,.270619
1703.99,.270250
1704.55,.269991
1705.11,.270219
1705.67,.270306
1706.23,.270063
1706.80,.269632
1707.36,.269202
1707.92,.268931
1708.48,.268877
1709.05,.268945
1709.61,.268779
1710.17,.268610
1710.74,.268371
1711.30,.268134
1711.87,.267970
1712.43,.267726
1713.00,.267447
1713.57,.267438
1714.13,.267476
1714.70,.267266
1715.27,.267077
1715.83,.266940
1716.40,.266854
1716.97,.266660
1717.54,.266406
1718.11,.266095
1718.68,.265879
1719.25,.265881
1719.82,.265903
1720.39,.265695
1720.96,.265475
1721.53,.265243
1722.10,.265195
1722.67,.265179
1723.25,.264808
1723.82,.264481
1724.39,.264289
1724.97,.264119
1725.54,.264034
1726.12,.263822
1726.69,.263583
1727.27,.263469
1727.84,.263164
1728.42,.263063
1728.99,.263037
1729.57,.262931
1730.15,.262861
1730.73,.262707
1731.30,.262421
1731.88,.262075
1732.46,.261917
1733.04,.261928
1733.62,.261708
1734.20,.261485
1734.78,.261380
1735.36,.261064
1735.94,.260877
1736.52,.260838
1737.10,.260584
1737.69,.260315
1738.27,.260071
1738.85,.259891
1739.43,.259873
1740.02,.259754
1740.60,.259474
1741.19,.259415
1741.77,.259379
1742.36,.259236
1742.94,.259240
1743.53,.259123
1744.12,.258728
1744.70,.258274
1745.29,.258036
1745.88,.258034
1746.47,.257885
1747.05,.257535
1747.64,.257267
1748.23,.257211
1748.82,.257106
1749.41,.256940
1750.00,.257014
1750.59,.256929
1751.18,.256604
1751.78,.256351
1752.37,.256234
1752.96,.255942
1753.55,.255651
1754.15,.255561
1754.74,.255487
1755.34,.255519
1755.93,.255454
1756.52,.255188
1757.12,.254938
1757.72,.254507
1758.31,.254300
1758.91,.254132
1759.50,.254024
1760.10,.253961
1760.70,.253849
1761.30,.253849
1761.90,.253505
1762.50,.253219
1763.09,.253168
1763.69,.253028
1764.29,.252868
1764.90,.252807
1765.50,.252567
1766.10,.252167
1766.70,.252050
1767.30,.251904
1767.90,.251729
1768.51,.251730
1769.11,.251768
1769.71,.251709
1770.32,.251434
1770.92,.251081
1771.53,.250838
1772.13,.250638
1772.74,.250528
1773.35,.250438
1773.95,.250353
1774.56,.250370
1775.17,.250169
1775.78,.249761
1776.38,.249167
1776.99,.248982
1777.60,.248974
1778.21,.248938
1778.82,.248736
1779.43,.248497
1780.04,.248583
1780.65,.248684
1781.27,.248344
1781.88,.247996
1782.49,.247800
1783.10,.247687
1783.72,.247755
1784.33,.247578
1784.95,.247313
1785.56,.247249
1786.18,.247063
1786.79,.246733
1787.41,.246575
1788.02,.246608
1788.64,.246437
1789.26,.245994
1789.88,.245780
1790.49,.245676
1791.11,.245574
1791.73,.245545
1792.35,.245312
1792.97,.245094
1793.59,.245017
1794.21,.245066
1794.83,.244811
1795.45,.244480
1796.08,.244353
1796.70,.244158
1797.32,.243971
1797.94,.243839
1798.57,.243695
1799.19,.243437
1799.82,.243350
1800.44,.243112
1801.07,.242720
1801.69,.242702
1802.32,.243045
1802.95,.243046
1803.57,.242755
1804.20,.242407
1804.83,.241993
1805.46,.241785
1806.09,.241772
1806.71,.241783
1807.34,.241553
1807.98,.241470
1808.61,.241454
1809.24,.241329
1809.87,.240997
1810.50,.240710
1811.13,.240643
1811.77,.240530
1812.40,.240382
1813.03,.240162
1813.67,.239988
1814.30,.239992
1814.94,.239625
1815.57,.239201
1816.21,.239048
1816.84,.239063
1817.48,.239117
1818.12,.238927
1818.76,.238765
1819.40,.238740
1820.03,.238563
1820.67,.238315
1821.31,.238244
1821.95,.238053
1822.59,.237657
1823.23,.237489
1823.88,.237458
1824.52,.237541
1825.16,.237461
1825.80,.237280
1826.45,.236973
1827.09,.236758
1827.73,.236762
1828.38,.236625
1829.02,.236513
1829.67,.236167
1830.31,.235802
1830.96,.235718
1831.61,.235804
1832.25,.235749
1832.90,.235720
1833.55,.235430
1834.20,.235035
1834.85,.234907
1835.50,.234924
1836.15,.234837
1836.80,.234762
1837.45,.234618
1838.10,.234301
1838.75,.234097
1839.40,.233989
1840.06,.233915
1840.71,.233782
1841.36,.233660
1842.02,.233632
1842.67,.233564
1843.33,.233359
1843.98,.233100
1844.64,.232973
1845.30,.232914
1845.95,.232789
1846.61,.232692
1847.27,.232507
1847.93,.232246
1848.59,.232083
1849.24,.231957
1849.90,.231779
1850.57,.231684
1851.23,.231679
1851.89,.231720
1852.55,.231434
1853.21,.231235
1853.87,.231093
1854.54,.230986
1855.20,.230909
1855.86,.230699
1856.53,.230522
1857.19,.230540
1857.86,.230365
1858.53,.230055
1859.19,.229866
1859.86,.229983
1860.53,.229895
1861.19,.229693
1861.86,.229591
1862.53,.229479
1863.20,.229342
1863.87,.229219
1864.54,.229090
1865.21,.228826
1865.88,.228713
1866.55,.228670
1867.23,.228548
1867.90,.228374
1868.57,.228186
1869.25,.228216
1869.92,.228178
1870.59,.227824
1871.27,.227595
1871.95,.227608
1872.62,.227618
1873.30,.227521
1873.98,.227325
1874.65,.227241
1875.33,.227294
1876.01,.227196
1876.69,.226934
1877.37,.226647
1878.05,.226496
1878.73,.226561
1879.41,.226523
1880.09,.226307
1880.77,.226152
1881.46,.226047
1882.14,.225841
1882.82,.225667
1883.51,.225579
1884.19,.225521
1884.88,.225451
1885.56,.225195
1886.25,.225000
1886.93,.224997
1887.62,.224888
1888.31,.224733
1889.00,.224781
1889.68,.224791
1890.37,.224590
1891.06,.224367
1891.75,.224252
1892.44,.224186
1893.13,.224026
1893.83,.224004
1894.52,.223939
1895.21,.223728
1895.90,.223577
1896.60,.223504
1897.29,.223458
1897.99,.223284
1898.68,.223237
1899.38,.223220
1900.07,.223113
1900.77,.222972
1901.47,.222801
1902.16,.222748
1902.86,.222852
1903.56,.222715
1904.26,.222391
1904.96,.222260
1905.66,.222247
1906.36,.222174
1907.06,.222093
1907.76,.221961
1908.46,.221911
1909.17,.221869
1909.87,.221747
1910.57,.221555
1911.28,.221439
1911.98,.221426
1912.69,.221418
1913.40,.221283
1914.10,.221172
1914.81,.221141
1915.52,.221111
1916.22,.220910
1916.93,.220723
1917.64,.220664
1918.35,.220662
1919.06,.220471
1919.77,.220354
1920.48,.220425
1921.19,.220260
1921.91,.220096
1922.62,.220139
1923.33,.220130
1924.05,.219938
1924.76,.219729
1925.47,.219691
1926.19,.219673
1926.91,.219656
1927.62,.219756
1928.34,.219607
1929.06,.219396
1929.77,.219308
1930.49,.219287
1931.21,.219342
1931.93,.219274
1932.65,.219119
1933.37,.219091
1934.09,.218902
1934.82,.218738
1935.54,.218705
1936.26,.218731
1936.98,.218657
1937.71,.218581
1938.43,.218495
1939.16,.218529
1939.88,.218594
1940.61,.218356
1941.34,.218166
1942.06,.218118
1942.79,.218137
1943.52,.218086
1944.25,.217955
1944.98,.217865
1945.71,.217882
1946.44,.217887
1947.17,.217783
1947.90,.217585
1948.63,.217519
1949.36,.217595
1950.10,.217480
1950.83,.217432
1951.57,.217448
1952.30,.217337
1953.04,.217184
1953.77,.217167
1954.51,.217106
1955.25,.217136
1955.98,.217168
1956.72,.217091
1957.46,.216926
1958.20,.216873
1958.94,.216877
1959.68,.216863
1960.42,.216860
1961.16,.216797
1961.90,.216698
1962.65,.216581
1963.39,.216497
1964.13,.216537
1964.88,.216569
1965.62,.216530
1966.37,.216372
1967.11,.216260
1967.86,.216247
1968.61,.216216
1969.36,.216289
1970.10,.216233
1970.85,.216015
1971.60,.215955
1972.35,.215946
1973.10,.215924
1973.85,.215934
1974.61,.216007
1975.36,.215941
1976.11,.215894
1976.86,.215905
1977.62,.215828
1978.37,.215594
1979.13,.215564
1979.88,.215728
1980.64,.215861
1981.40,.215803
1982.16,.215632
1982.91,.215550
1983.67,.215657
1984.43,.215648
1985.19,.215541
1985.95,.215530
1986.71,.215539
1987.47,.215444
1988.24,.215414
1989.00,.215405
1989.76,.215416
1990.53,.215426
1991.29,.215411
1992.06,.215456
1992.82,.215525
1993.59,.215439
1994.35,.215265
1995.12,.215221
1995.89,.215239
1996.66,.215269
1997.43,.215275
1998.20,.215328
1998.97,.215459
1999.74,.215452
2000.51,.215243
2001.28,.215205
2002.06,.215229
2002.83,.215166
2003.60,.215228
2004.38,.215327
2005.15,.215325
2005.93,.215220
2006.70,.215102
2007.48,.215150
2008.26,.215377
2009.04,.215441
2009.82,.215328
2010.60,.215233
2011.37,.215252
2012.16,.215315
2012.94,.215265
2013.72,.215248
2014.50,.215283
2015.28,.215406
2016.07,.215463
2016.85,.215420
2017.64,.215471
2018.42,.215490
2019.21,.215455
2020.00,.215441
2020.78,.215415
2021.57,.215485
2022.36,.215544
2023.15,.215566
2023.94,.215546
2024.73,.215519
2025.52,.215526
2026.31,.215493
2027.10,.215500
2027.90,.215564
2028.69,.215575
2029.48,.215622
2030.28,.215765
2031.07,.215819
2031.87,.215830
2032.67,.215850
2033.46,.215873
2034.26,.215881
2035.06,.215879
2035.86,.215923
2036.66,.215898
2037.46,.215830
2038.26,.215821
2039.06,.215920
2039.86,.216012
2040.67,.216051
2041.47,.216162
2042.27,.216253
2043.08,.216289
2043.88,.216330
2044.69,.216355
2045.50,.216311
2046.30,.216260
2047.11,.216323
2047.92,.216322
2048.73,.216347
2049.54,.216503
2050.35,.216634
2051.16,.216678
2051.97,.216747
2052.79,.216781
2053.60,.216787
2054.41,.216936
2055.23,.216938
2056.04,.216940
2056.86,.217005
2057.67,.217107
2058.49,.217157
2059.31,.217195
2060.13,.217260
2060.95,.217311
2061.76,.217297
2062.58,.217304
2063.41,.217479
2064.23,.217616
2065.05,.217734
2065.87,.217806
2066.70,.217703
2067.52,.217719
2068.34,.217822
2069.17,.217922
2070.00,.218027
2070.82,.218099
2071.65,.218180
2072.48,.218245
2073.31,.218244
2074.14,.218333
2074.97,.218460
2075.80,.218578
2076.63,.218640
2077.46,.218647
2078.29,.218693
2079.13,.218778
2079.96,.218921
2080.80,.219063
2081.63,.219183
2082.47,.219327
2083.30,.219394
2084.14,.219470
2084.98,.219603
2085.82,.219633
2086.66,.219661
2087.50,.219773
2088.34,.219856
2089.18,.219986
2090.02,.220059
2090.87,.220082
2091.71,.220244
2092.55,.220374
2093.40,.220406
2094.24,.220448
2095.09,.220609
2095.94,.220690
2096.78,.220820
2097.63,.221009
2098.48,.221094
2099.33,.221108
2100.18,.221224
2101.03,.221379
2101.88,.221543
2102.74,.221645
2103.59,.221658
2104.44,.221741
2105.30,.221950
2106.15,.222055
2107.01,.222126
2107.87,.222218
2108.72,.222347
2109.58,.222451
2110.44,.222488
2111.30,.222603
2112.16,.222718
2113.02,.222937
2113.88,.223122
2114.74,.223227
2115.61,.223312
2116.47,.223419
2117.33,.223537
2118.20,.223675
2119.07,.223792
2119.93,.223864
2120.80,.224006
2121.67,.224145
2122.53,.224259
2123.40,.224448
2124.27,.224639
2125.15,.224765
2126.02,.224915
2126.89,.225014
2127.76,.225081
2128.64,.225205
2129.51,.225424
2130.38,.225604
2131.26,.225706
2132.14,.225816
2133.01,.225974
2133.89,.226119
2134.77,.226225
2135.65,.226383
2136.53,.226480
2137.41,.226696
2138.29,.226893
2139.17,.227063
2140.06,.227119
2140.94,.227279
2141.82,.227487
2142.71,.227568
2143.60,.227773
2144.48,.228041
2145.37,.228117
2146.26,.228196
2147.15,.228400
2148.04,.228567
2148.93,.228734
2149.82,.228933
2150.71,.229083
2151.60,.229233
2152.50,.229396
2153.39,.229526
2154.28,.229690
2155.18,.229821
2156.08,.230054
2156.97,.230261
2157.87,.230446
2158.77,.230655
2159.67,.230795
2160.57,.230960
2161.47,.231196
2162.37,.231338
2163.27,.231366
2164.18,.231564
2165.08,.231816
2165.98,.232039
2166.89,.232225
2167.79,.232443
2168.70,.232651
2169.61,.232744
2170.52,.232879
2171.43,.233078
2172.34,.233255
2173.25,.233447
2174.16,.233603
2175.07,.233730
2175.98,.233962
2176.90,.234279
2177.81,.234514
2178.73,.234639
2179.64,.234861
2180.56,.235058
2181.48,.235246
2182.39,.235466
2183.31,.235622
2184.23,.235870
2185.15,.236108
2186.07,.236309
2187.00,.236455
2187.92,.236639
2188.84,.236810
2189.77,.236985
2190.69,.237184
2191.62,.237400
2192.55,.237694
2193.47,.237934
2194.40,.238084
2195.33,.238287
2196.26,.238464
2197.19,.238642
2198.12,.238820
2199.06,.239033
2199.99,.239303
2200.92,.239598
2201.86,.239857
2202.79,.240099
2203.73,.240187
2204.67,.240435
2205.60,.240725
2206.54,.240920
2207.48,.241142
2208.42,.241382
2209.36,.241571
2210.31,.241777
2211.25,.242004
2212.19,.242251
2213.14,.242543
2214.08,.242781
2215.03,.242977
2215.97,.243218
2216.92,.243446
2217.87,.243675
2218.82,.243952
2219.77,.244153
2220.72,.244281
2221.67,.244499
2222.62,.244771
2223.58,.244956
2224.53,.245273
2225.48,.245562
2226.44,.245752
2227.40,.246045
2228.35,.246314
2229.31,.246497
2230.27,.246680
2231.23,.246909
2232.19,.247150
2233.15,.247406
2234.12,.247666
2235.08,.247923
2236.04,.248186
2237.01,.248382
2237.97,.248647
2238.94,.248918
2239.91,.249152
2240.87,.249375
2241.84,.249680
2242.81,.249960
2243.78,.250168
2244.76,.250468
2245.73,.250819
2246.70,.250927
2247.67,.251104
2248.65,.251463
2249.63,.251787
2250.60,.251993
2251.58,.252221
2252.56,.252435
2253.54,.252666
2254.52,.252914
2255.50,.253131
2256.48,.253379
2257.46,.253639
2258.44,.253920
2259.43,.254151
2260.41,.254372
2261.40,.254728
2262.39,.255029
2263.37,.255212
2264.36,.255480
2265.35,.255727
2266.34,.256025
2267.33,.256319
2268.32,.256545
2269.32,.256777
2270.31,.257072
2271.31,.257360
2272.30,.257530
2273.30,.257756
2274.29,.258034
2275.29,.258272
2276.29,.258567
2277.29,.258837
2278.29,.259052
2279.29,.259290
2280.30,.259638
2281.30,.260031
2282.30,.260295
2283.31,.260496
2284.31,.260734
2285.32,.261072
2286.33,.261317
2287.34,.261543
2288.35,.261834
2289.36,.262116
2290.37,.262400
2291.38,.262674
2292.39,.262962
2293.41,.263181
2294.42,.263431
2295.44,.263786
2296.46,.264019
2297.47,.264216
2298.49,.264567
2299.51,.264834
2300.53,.264952
2301.55,.265184
2302.58,.265502
2303.60,.265758
2304.62,.266052
2305.65,.266344
2306.67,.266582
2307.70,.266918
2308.73,.267317
2309.76,.267577
2310.78,.267756
2311.82,.267958
2312.85,.268257
2313.88,.268527
2314.91,.268774
2315.95,.269099
2316.98,.269446
2318.02,.269663
2319.05,.269907
2320.09,.270277
2321.13,.270582
2322.17,.270820
2323.21,.271035
2324.25,.271283
2325.29,.271594
2326.34,.271854
2327.38,.272145
2328.43,.272490
2329.47,.272773
2330.52,.273004
2331.57,.273285
2332.62,.273552
2333.67,.273791
2334.72,.273991
2335.77,.274298
2336.82,.274515
2337.88,.274798
2338.93,.275152
2339.99,.275442
2341.04,.275675
2342.10,.275914
2343.16,.276150
2344.22,.276411
2345.28,.276676
2346.34,.276990
2347.40,.277335
2348.47,.277535
2349.53,.277788
2350.59,.278179
2351.66,.278415
2352.73,.278670
2353.80,.278908
2354.86,.279172
2355.94,.279439
2357.01,.279750
2358.08,.280048
2359.15,.280298
2360.22,.280553
2361.30,.280800
2362.38,.281075
2363.45,.281399
2364.53,.281663
2365.61,.281874
2366.69,.282115
2367.77,.282348
2368.85,.282634
2369.93,.282965
2371.02,.283273
2372.10,.283520
2373.19,.283747
2374.28,.284005
2375.36,.284240
2376.45,.284494
2377.54,.284792
2378.63,.285089
2379.72,.285375
2380.82,.285633
2381.91,.285910
2383.01,.286127
2384.10,.286370
2385.20,.286707
2386.30,.286977
2387.39,.287204
2388.49,.287496
2389.59,.287791
2390.70,.288029
2391.80,.288269
2392.90,.288543
2394.01,.288823
2395.11,.289123
2396.22,.289387
2397.33,.289637
2398.44,.289928
2399.55,.290242
2400.66,.290487
2401.77,.290696
2402.88,.290982
2404.00,.291292
2405.11,.291564
2406.23,.291782
2407.35,.291989
2408.47,.292310
2409.58,.292674
2410.71,.292934
2411.83,.293122
2412.95,.293371
2414.07,.293679
2415.20,.293977
2416.32,.294286
2417.45,.294514
2418.58,.294734
2419.71,.295031
2420.84,.295324
2421.97,.295550
2423.10,.295839
2424.23,.296144
2425.37,.296377
2426.50,.296605
2427.64,.296901
2428.77,.297141
2429.91,.297376
2431.05,.297606
2432.19,.297867
2433.33,.298156
2434.48,.298409
2435.62,.298640
2436.76,.298913
2437.91,.299197
2439.06,.299445
2440.20,.299749
2441.35,.300049
2442.50,.300267
2443.65,.300430
2444.81,.300672
2445.96,.300987
2447.11,.301268
2448.27,.301481
2449.43,.301664
2450.58,.302008
2451.74,.302346
2452.90,.302543
2454.06,.302751
2455.22,.302979
2456.39,.303118
2457.55,.303375
2458.72,.303697
2459.88,.303981
2461.05,.304209
2462.22,.304486
2463.39,.304750
2464.56,.304996
2465.73,.305243
2466.91,.305461
2468.08,.305697
2469.26,.305973
2470.43,.306208
2471.61,.306411
2472.79,.306694
2473.97,.306921
2475.15,.307167
2476.33,.307410
2477.51,.307626
2478.70,.307887
2479.88,.308112
2481.07,.308379
2482.26,.308645
2483.45,.308862
2484.64,.309101
2485.83,.309297
2487.02,.309529
2488.21,.309775
2489.41,.309942
2490.60,.310174
2491.80,.310428
2493.00,.310702
2494.20,.310951
2495.40,.311197
2496.60,.311466
2497.80,.311662
2499.00,.311824
2500.21,.312046
2501.42,.312279
2502.62,.312508
2503.83,.312682
2505.04,.312839
2506.25,.313110
2507.46,.313441
2508.68,.313680
2509.89,.313883
2511.11,.314079
2512.32,.314255
2513.54,.314396
2514.76,.314599
2515.98,.314872
2517.20,.315130
2518.42,.315306
2519.65,.315497
2520.87,.315686
2522.10,.315895
2523.33,.316142
2524.55,.316358
2525.78,.316558
2527.01,.316735
2528.25,.316897
2529.48,.317136
2530.71,.317372
2531.95,.317546
2533.19,.317728
2534.43,.317898
2535.66,.318124
2536.91,.318398
2538.15,.318549
2539.39,.318645
2540.63,.318854
2541.88,.319083
2543.13,.319253
2544.37,.319433
2545.62,.319615
2546.87,.319782
2548.12,.319955
2549.38,.320162
2550.63,.320352
2551.89,.320556
2553.14,.320765
2554.40,.320961
2555.66,.321116
2556.92,.321276
2558.18,.321491
2559.44,.321685
2560.71,.321801
2561.97,.321986
2563.24,.322171
2564.51,.322312
2565.78,.322494
2567.05,.322707
2568.32,.322877
2569.59,.323037
2570.86,.323193
2572.14,.323361
2573.42,.323527
2574.69,.323668
2575.97,.323797
2577.25,.323929
2578.54,.324109
2579.82,.324268
2581.10,.324416
2582.39,.324574
2583.67,.324762
2584.96,.324985
2586.25,.325137
2587.54,.325274
2588.83,.325429
2590.13,.325605
2591.42,.325699
2592.72,.325788
2594.01,.325914
2595.31,.326080
2596.61,.326283
2597.91,.326440
2599.21,.326542
2600.52,.326595
2601.82,.326722
2603.13,.326894
2604.44,.327040
2605.75,.327175
2607.06,.327347
2608.37,.327475
2609.68,.327569
2610.99,.327694
2612.31,.327851
2613.63,.327992
2614.94,.328040
2616.26,.328123
2617.58,.328309
2618.91,.328442
2620.23,.328555
2621.55,.328679
2622.88,.328768
2624.21,.328865
2625.54,.328974
2626.87,.329050
2628.20,.329185
2629.53,.329299
2630.86,.329355
2632.20,.329465
2633.54,.329559
2634.87,.329708
2636.21,.329824
2637.55,.329917
2638.90,.330004
2640.24,.330101
2641.59,.330192
2642.93,.330291
2644.28,.330352
2645.63,.330428
2646.98,.330567
2648.33,.330656
2649.68,.330779
2651.04,.330863
2652.40,.330867
2653.75,.330972
2655.11,.331020
2656.47,.331107
2657.83,.331222
2659.20,.331240
2660.56,.331266
2661.93,.331393
2663.29,.331494
2664.66,.331545
2666.03,.331649
2667.40,.331756
2668.78,.331830
2670.15,.331920
2671.53,.332128
2672.90,.332229
2674.28,.332244
2675.66,.332183
2677.04,.332190
2678.43,.332199
2679.81,.332112
2681.20,.332062
2682.58,.332075
2683.97,.332047
2685.36,.331979
2686.75,.331940
2688.15,.331919
2689.54,.331903
2690.94,.331881
2692.33,.331813
2693.73,.331735
2695.13,.331700
2696.53,.331685
2697.94,.331673
2699.34,.331594
2700.75,.331482
2702.15,.331412
2703.56,.331327
2704.97,.331209
2706.38,.331088
2707.80,.330968
2709.21,.330786
2710.63,.330586
2712.05,.330456
2713.46,.330350
2714.89,.330184
2716.31,.329971
2717.73,.329804
2719.16,.329665
2720.58,.329404
2722.01,.329083
2723.44,.328881
2724.87,.328694
2726.30,.328428
2727.74,.328128
2729.17,.327827
2730.61,.327568
2732.05,.327318
2733.49,.326991
2734.93,.326635
2736.38,.326297
2737.82,.325944
2739.27,.325593
2740.71,.325209
2742.16,.324731
2743.61,.324275
2745.07,.323809
2746.52,.323367
2747.98,.322896
2749.43,.322433
2750.89,.321957
2752.35,.321444
2753.81,.320920
2755.28,.320428
2756.74,.319916
2758.21,.319345
2759.68,.318830
2761.15,.318326
2762.62,.317837
2764.09,.317373
2765.56,.316845
2767.04,.316377
2768.52,.315877
2770.00,.315362
2771.48,.314864
2772.96,.314375
2774.44,.313897
2775.93,.313415
2777.41,.312929
2778.90,.312502
2780.39,.312044
2781.88,.311572
2783.38,.311138
2784.87,.310721
2786.37,.310268
2787.87,.309891
2789.37,.309502
2790.87,.309079
2792.37,.308668
2793.87,.308289
2795.38,.307922
2796.89,.307585
2798.40,.307249
2799.91,.306888
2801.42,.306521
2802.94,.306217
2804.45,.305938
2805.97,.305595
2807.49,.305286
2809.01,.305007
2810.53,.304762
2812.06,.304488
2813.58,.304182
2815.11,.303895
2816.64,.303614
2818.17,.303324
2819.70,.303072
2821.24,.302799
2822.77,.302563
2824.31,.302309
2825.85,.302099
2827.39,.301898
2828.93,.301686
2830.48,.301471
2832.02,.301224
2833.57,.300985
2835.12,.300756
2836.67,.300557
2838.22,.300347
2839.78,.300108
2841.33,.299860
2842.89,.299636
2844.45,.299427
2846.01,.299214
2847.57,.299032
2849.14,.298843
2850.70,.298621
2852.27,.298406
2853.84,.298231
2855.41,.298067
2856.99,.297894
2858.56,.297679
2860.14,.297469
2861.72,.297317
2863.30,.297163
2864.88,.297006
2866.46,.296821
2868.05,.296641
2869.63,.296512
2871.22,.296367
2872.81,.296209
2874.41,.296087
2876.00,.295949
2877.60,.295811
2879.20,.295659
2880.79,.295515
2882.40,.295400
2884.00,.295284
2885.60,.295200
2887.21,.295129
2888.82,.295036
2890.43,.294909
2892.04,.294786
2893.65,.294675
2895.27,.294573
2896.89,.294442
2898.51,.294370
2900.13,.294300
2901.75,.294193
2903.38,.294097
2905.00,.293992
2906.63,.293928
2908.26,.293825
2909.89,.293737
2911.53,.293683
2913.16,.293623
2914.80,.293546
2916.44,.293487
2918.08,.293405
2919.72,.293309
2921.37,.293252
2923.02,.293171
2924.66,.293102
2926.31,.293100
2927.97,.293076
2929.62,.293013
2931.28,.292891
2932.93,.292788
2934.59,.292760
2936.26,.292749
2937.92,.292685
2939.59,.292618
2941.25,.292601
2942.92,.292561
2944.59,.292519
2946.27,.292525
2947.94,.292481
2949.62,.292432
2951.30,.292444
2952.98,.292410
2954.66,.292338
2956.34,.292333
2958.03,.292328
2959.72,.292346
2961.41,.292348
2963.10,.292278
2964.80,.292250
2966.49,.292260
2968.19,.292255
2969.89,.292332
2971.59,.292388
2973.30,.292366
2975.00,.292359
2976.71,.292404
2978.42,.292470
2980.13,.292520
2981.85,.292526
2983.56,.292553
2985.28,.292596
2987.00,.292651
2988.72,.292690
2990.44,.292707
2992.17,.292741
2993.90,.292809
2995.63,.292912
2997.36,.292980
2999.09,.293002
3000.83,.293010
3002.56,.293047
3004.30,.293149
3006.05,.293204
3007.79,.293244
3009.53,.293282
3011.28,.293325
3013.03,.293372
3014.78,.293416
3016.54,.293485
3018.29,.293523
3020.05,.293571
3021.81,.293614
3023.57,.293671
3025.34,.293719
3027.10,.293765
3028.87,.293791
3030.64,.293781
3032.41,.293807
3034.19,.293839
3035.96,.293831
3037.74,.293814
3039.52,.293847
3041.31,.293908
3043.09,.293944
3044.88,.293927
3046.67,.293939
3048.46,.293983
3050.25,.293992
3052.05,.293965
3053.84,.294003
3055.64,.294028
3057.45,.294048
3059.25,.294092
3061.06,.294110
3062.86,.294116
3064.67,.294132
3066.49,.294135
3068.30,.294146
3070.12,.294156
3071.94,.294154
3073.76,.294165
3075.58,.294164
3077.41,.294203
3079.23,.294228
3081.06,.294245
3082.89,.294282
3084.73,.294299
3086.56,.294356
3088.40,.294410
3090.24,.294463
3092.08,.294491
3093.93,.294518
3095.78,.294567
3097.63,.294634
3099.48,.294690
3101.33,.294722
3103.19,.294804
3105.05,.294901
3106.91,.294974
3108.77,.295022
3110.63,.295070
3112.50,.295170
3114.37,.295267
3116.24,.295351
3118.12,.295443
3119.99,.295499
3121.87,.295573
3123.75,.295669
3125.63,.295742
3127.52,.295785
3129.41,.295867
3131.30,.295984
3133.19,.296081
3135.08,.296183
3136.98,.296280
3138.88,.296377
3140.78,.296491
3142.68,.296585
3144.59,.296639
3146.50,.296724
3148.41,.296814
3150.32,.296912
3152.23,.297058
3154.15,.297161
3156.07,.297229
3157.99,.297334
3159.92,.297450
3161.84,.297582
3163.77,.297688
3165.71,.297769
3167.64,.297906
3169.58,.298011
3171.51,.298094
3173.46,.298189
3175.40,.298283
3177.34,.298408
3179.29,.298512
3181.24,.298625
3183.20,.298748
3185.15,.298805
3187.11,.298865
3189.07,.298971
3191.03,.299107
3193.00,.299242
3194.96,.299345
3196.93,.299449
3198.91,.299568
3200.88,.299678
3202.86,.299780
3204.84,.299866
3206.82,.299956
3208.80,.300065
3210.79,.300177
3212.78,.300302
3214.77,.300395
3216.76,.300493
3218.76,.300593
3220.76,.300663
3222.76,.300766
3224.77,.300868
3226.77,.300948
3228.78,.301030
3230.79,.301142
3232.81,.301235
3234.83,.301332
3236.84,.301431
3238.87,.301519
3240.89,.301627
3242.92,.301721
3244.95,.301796
3246.98,.301885
3249.01,.301977
3251.05,.302065
3253.09,.302141
3255.13,.302238
3257.18,.302346
3259.22,.302407
3261.27,.302475
3263.33,.302572
3265.38,.302684
3267.44,.302784
3269.50,.302857
3271.56,.302926
3273.63,.303015
3275.69,.303121
3277.76,.303207
3279.84,.303286
3281.91,.303355
3283.99,.303448
3286.07,.303546
3288.16,.303623
3290.24,.303690
3292.33,.303770
3294.42,.303868
3296.52,.303936
3298.62,.303984
3300.72,.304047
3302.82,.304100
3304.92,.304159
3307.03,.304197
3309.14,.304232
3311.25,.304256
3313.37,.304282
3315.49,.304334
3317.61,.304390
3319.73,.304421
3321.86,.304444
3323.99,.304485
3326.12,.304497
3328.26,.304477
3330.39,.304494
3332.53,.304495
3334.68,.304487
3336.82,.304471
3338.97,.304442
3341.12,.304399
3343.28,.304301
3345.43,.304195
3347.59,.304080
3349.76,.303911
3351.92,.303738
3354.09,.303521
3356.26,.303265
3358.44,.302936
3360.61,.302455
3362.79,.301794
3364.97,.300857
3367.16,.299705
3369.35,.298555
3371.54,.297701
3373.73,.297183
3375.93,.296898
3378.13,.296869
3380.33,.297195
3382.53,.297853
3384.74,.298563
3386.95,.299077
3389.17,.299342
3391.38,.299329
3393.60,.299038
3395.82,.298495
3398.05,.297737
3400.28,.296856
3402.51,.295913
3404.74,.294945
3406.98,.293986
3409.22,.293054
3411.46,.292225
3413.71,.291535
3415.96,.291114
3418.21,.291198
3420.46,.291836
3422.72,.292922
3424.98,.294271
3427.25,.295666
3429.51,.296972
3431.78,.298055
3434.05,.298941
3436.33,.299682
3438.61,.300303
3440.89,.300810
3443.18,.301253
3445.46,.301665
3447.75,.302081
3450.05,.302498
3452.35,.302873
3454.65,.303215
3456.95,.303542
3459.25,.303827
3461.56,.303980
3463.88,.304029
3466.19,.303961
3468.51,.303725
3470.83,.303433
3473.16,.303246
3475.48,.303213
3477.81,.303239
3480.15,.303280
3482.49,.303270
3484.83,.303108
3487.17,.302770
3489.52,.302334
3491.87,.301840
3494.22,.301344
3496.58,.300811
3498.94,.300296
3501.30,.300123
3503.66,.300520
3506.03,.301412
3508.40,.302561
3510.78,.303737
3513.16,.304836
3515.54,.305788
3517.93,.306549
3520.31,.307101
3522.71,.307564
3525.10,.307960
3527.50,.308233
3529.90,.308472
3532.30,.308671
3534.71,.308826
3537.12,.308984
3539.54,.309139
3541.95,.309278
3544.37,.309414
3546.80,.309549
3549.23,.309681
3551.66,.309786
3554.09,.309887
3556.53,.309981
3558.97,.310069
3561.42,.310148
3563.86,.310206
3566.31,.310285
3568.77,.310349
3571.23,.310408
3573.69,.310474
3576.15,.310529
3578.62,.310588
3581.09,.310628
3583.57,.310675
3586.04,.310731
3588.53,.310771
3591.01,.310812
3593.50,.310846
3595.99,.310887
3598.49,.310906
3600.99,.310920
3603.49,.310950
3605.99,.310981
3608.50,.311011
3611.02,.311025
3613.53,.311024
3616.05,.311058
3618.58,.311073
3621.10,.311061
3623.63,.311073
3626.17,.311112
3628.71,.311123
3631.25,.311129
3633.79,.311161
3636.34,.311179
3638.89,.311180
3641.45,.311155
3644.01,.311121
3646.57,.311138
3649.13,.311152
3651.70,.311140
3654.28,.311141
3656.85,.311146
3659.44,.311155
3662.02,.311148
3664.61,.311156
3667.20,.311207
3669.80,.311237
3672.39,.311227
3675.00,.311231
3677.60,.311237
3680.21,.311235
3682.83,.311243
3685.44,.311245
3688.06,.311249
3690.69,.311265
3693.32,.311274
3695.95,.311276
3698.59,.311277
3701.23,.311265
3703.87,.311296
3706.52,.311309
3709.17,.311296
3711.82,.311302
3714.48,.311295
3717.15,.311282
3719.81,.311275
3722.48,.311270
3725.16,.311263
3727.84,.311241
3730.52,.311224
3733.20,.311233
3735.89,.311219
3738.59,.311177
3741.28,.311178
3743.98,.311210
3746.69,.311212
3749.40,.311193
3752.11,.311176
3754.83,.311166
3757.55,.311157
3760.28,.311143
3763.00,.311136
3765.74,.311115
3768.47,.311104
3771.21,.311101
3773.96,.311101
3776.71,.311102
3779.46,.311113
3782.22,.311117
3784.98,.311102
3787.74,.311090
3790.51,.311073
3793.28,.311013
3796.06,.310950
3798.84,.310925
3801.63,.310898
3804.42,.310879
3807.21,.310854
3810.01,.310820
3812.81,.310799
3815.61,.310773
3818.42,.310745
3821.24,.310724
3824.05,.310698
3826.88,.310665
3829.70,.310628
3832.53,.310590
3835.37,.310526
3838.21,.310453
3841.05,.310419
3843.90,.310418
3846.75,.310394
3849.60,.310330
3852.46,.310261
3855.33,.310191
3858.20,.310150
3861.07,.310115
3863.95,.310092
3866.83,.310070
3869.71,.310038
3872.60,.309992
3875.50,.309908
3878.40,.309836
3881.30,.309795
3884.21,.309769
3887.12,.309732
3890.04,.309663
3892.96,.309579
3895.88,.309525
3898.81,.309508
3901.74,.309483
3904.68,.309427
3907.62,.309380
3910.57,.309352
3913.52,.309296
3916.48,.309233
3919.44,.309181
3922.40,.309113
3925.37,.309047
3928.35,.309012
3931.32,.308956
3934.31,.308888
3937.29,.308805
3940.29,.308735
3943.28,.308686
3946.28,.308631
3949.29,.308549
3952.30,.308476
3955.31,.308409
3958.33,.308341
3961.36,.308278
3964.38,.308203
3967.42,.308123
3970.46,.308051
3973.50,.307998
3976.55,.307937
3979.60,.307852
3982.65,.307766
3985.72,.307712
3988.78,.307657
3991.85,.307555
3994.93,.307469
3998.01,.307427
4001.09,.307365
4004.18,.307271
4007.28,.307183
4010.38,.307124
4013.48,.307080
4016.59,.307017
4019.70,.306968
4022.82,.306905
4025.94,.306828
4029.07,.306742
4032.20,.306660
4035.34,.306583
4038.48,.306516
4041.63,.306435
4044.78,.306354
4047.94,.306258
4051.10,.306195
4054.27,.306125
4057.44,.306017
4060.62,.305923
4063.80,.305857
4066.99,.305794
4070.18,.305719
4073.38,.305607
4076.58,.305522
4079.79,.305434
4083.00,.305326
4086.22,.305241
4089.44,.305154
4092.67,.305063
4095.90,.304965
4099.14,.304891
4102.38,.304829
4105.63,.304714
4108.89,.304605
4112.14,.304530
4115.41,.304439
4118.68,.304321
4121.95,.304215
4125.23,.304136
4128.51,.304075
4131.80,.303970
4135.10,.303858
4138.40,.303759
4141.70,.303675
4145.01,.303591
4148.33,.303519
4151.65,.303437
4154.98,.303340
4158.31,.303257
4161.65,.303195
4164.99,.303120
4168.34,.303050
4171.69,.302963
4175.05,.302853
4178.42,.302744
4181.79,.302677
4185.16,.302599
4188.54,.302507
4191.93,.302427
4195.32,.302348
4198.72,.302250
4202.12,.302170
4205.53,.302117
4208.94,.302050
4212.36,.301968
4215.78,.301908
4219.21,.301837
4222.65,.301754
4226.09,.301654
4229.54,.301570
4232.99,.301494
4236.45,.301413
4239.91,.301287
4243.38,.301169
4246.86,.301057
4250.34,.300933
4253.82,.300793
4257.32,.300669
4260.81,.300551
4264.32,.300456
4267.83,.300370
4271.34,.300247
4274.87,.300099
4278.39,.299970
4281.93,.299850
4285.46,.299736
4289.01,.299592
4292.56,.299451
4296.12,.299303
4299.68,.299150
4303.25,.298975
4306.82,.298833
4310.40,.298708
4313.99,.298558
4317.58,.298407
4321.18,.298272
4324.78,.298120
4328.39,.297977
4332.00,.297856
4335.63,.297726
4339.26,.297581
4342.89,.297455
4346.53,.297351
4350.18,.297227
4353.83,.297092
4357.49,.296980
4361.15,.296860
4364.82,.296756
4368.50,.296650
4372.18,.296517
4375.87,.296408
4379.57,.296296
4383.27,.296157
4386.98,.296047
4390.69,.295936
4394.42,.295839
4398.14,.295721
4401.88,.295618
4405.62,.295539
4409.36,.295469
4413.12,.295395
4416.87,.295331
4420.64,.295253
4424.41,.295162
4428.19,.295084
4431.97,.295002
4435.77,.294912
4439.56,.294819
4443.37,.294715
4447.18,.294611
4450.99,.294495
4454.82,.294416
4458.65,.294337
4462.49,.294231
4466.33,.294137
4470.18,.294068
4474.04,.294030
4477.90,.293994
4481.77,.293885
4485.65,.293747
4489.53,.293635
4493.42,.293542
4497.32,.293430
4501.22,.293285
4505.13,.293141
4509.05,.293006
4512.98,.292845
4516.91,.292694
4520.85,.292547
4524.79,.292376
4528.74,.292199
4532.70,.292024
4536.67,.291805
4540.64,.291576
4544.62,.291337
4548.60,.291081
4552.60,.290807
4556.60,.290542
4560.60,.290287
4564.62,.289997
4568.64,.289698
4572.67,.289393
4576.71,.289072
4580.75,.288765
4584.80,.288448
4588.86,.288130
4592.92,.287812
4596.99,.287472
4601.07,.287111
4605.16,.286745
4609.25,.286352
4613.35,.285954
4617.46,.285544
4621.58,.285148
4625.70,.284779
4629.83,.284383
4633.97,.283972
4638.11,.283540
4642.26,.283091
4646.42,.282666
4650.59,.282202
4654.76,.281716
4658.95,.281239
4663.14,.280763
4667.33,.280251
4671.54,.279758
4675.75,.279231
4679.97,.278649
4684.20,.278063
4688.43,.277471
4692.67,.276815
4696.93,.276112
4701.18,.275371
4705.45,.274613
4709.72,.273791
4714.01,.272938
4718.29,.272041
4722.59,.271108
4726.90,.270129
4731.21,.269123
4735.53,.268113
4739.86,.267103
4744.20,.266095
4748.54,.265114
4752.89,.264141
4757.25,.263199
4761.62,.262342
4766.00,.261551
4770.38,.260809
4774.78,.260176
4779.18,.259607
4783.58,.259114
4788.00,.258652
4792.43,.258218
4796.86,.257813
4801.30,.257407
4805.75,.256996
4810.21,.256562
4814.67,.256056
4819.15,.255508
4823.63,.254913
4828.12,.254307
4832.62,.253649
4837.13,.252958
4841.65,.252288
4846.17,.251599
4850.71,.250881
4855.25,.250172
4859.80,.249448
4864.36,.248725
4868.92,.248013
4873.50,.247279
4878.08,.246530
4882.68,.245816
4887.28,.245129
4891.89,.244438
4896.51,.243762
4901.14,.243138
4905.77,.242534
4910.42,.241922
4915.07,.241304
4919.74,.240688
4924.41,.240071
4929.09,.239449
4933.78,.238785
4938.48,.238127
4943.19,.237451
4947.91,.236698
4952.63,.235919
4957.37,.235124
4962.11,.234282
4966.86,.233425
4971.62,.232525
4976.39,.231621
4981.17,.230711
4985.96,.229814
4990.76,.228921
4995.57,.228048
5000.39,.227221
5005.21,.226409
5010.05,.225623
5014.90,.224898
5019.75,.224164
5024.61,.223448
5029.49,.222784
5034.37,.222153
5039.26,.221507
5044.17,.220887
5049.08,.220301
5054.00,.219735
5058.93,.219188
5063.87,.218679
5068.82,.218171
5073.78,.217655
5078.75,.217174
5083.73,.216705
5088.72,.216227
5093.72,.215771
5098.72,.215290
5103.74,.214821
5108.77,.214359
5113.81,.213906
5118.86,.213476
5123.91,.213038
5128.98,.212585
5134.06,.212135
5139.15,.211673
5144.25,.211175
5149.35,.210635
5154.47,.210057
5159.60,.209445
5164.74,.208816
5169.89,.208125
5175.05,.207375
5180.22,.206618
5185.40,.205849
5190.59,.205060
5195.79,.204285
5201.00,.203542
5206.23,.202835
5211.46,.202150
5216.70,.201495
5221.95,.200886
5227.22,.200346
5232.49,.199848
5237.78,.199399
5243.07,.199010
5248.38,.198710
5253.70,.198486
5259.03,.198334
5264.37,.198228
5269.72,.198186
5275.08,.198266
5280.45,.198442
5285.83,.198674
5291.22,.198993
5296.63,.199428
5302.04,.199991
5307.47,.200633
5312.91,.201382
5318.36,.202216
5323.82,.203090
5329.29,.204011
5334.77,.204904
5340.27,.205773
5345.77,.206633
5351.29,.207426
5356.82,.208151
5362.36,.208777
5367.91,.209265
5373.47,.209665
5379.04,.209978
5384.63,.210202
5390.23,.210407
5395.84,.210564
5401.46,.210680
5407.09,.210831
5412.73,.211080
5418.39,.211406
5424.06,.211806
5429.74,.212302
5435.43,.212888
5441.13,.213553
5446.84,.214304
5452.57,.215065
5458.31,.215816
5464.06,.216564
5469.83,.217287
5475.60,.217963
5481.39,.218602
5487.19,.219180
5493.00,.219704
5498.83,.220182
5504.67,.220599
5510.52,.220920
5516.38,.221160
5522.25,.221270
5528.14,.221278
5534.04,.221193
5539.95,.220964
5545.88,.220567
5551.82,.220053
5557.77,.219418
5563.73,.218699
5569.71,.217906
5575.69,.217025
5581.70,.216085
5587.71,.215143
5593.74,.214209
5599.78,.213306
5605.83,.212432
5611.90,.211628
5617.98,.210902
5624.07,.210290
5630.18,.209782
5636.30,.209378
5642.43,.209053
5648.58,.208840
5654.74,.208691
5660.91,.208544
5667.10,.208425
5673.30,.208308
5679.51,.208153
5685.74,.207991
5691.98,.207812
5698.24,.207627
5704.50,.207390
5710.79,.207125
5717.08,.206846
5723.39,.206527
5729.72,.206102
5736.06,.205662
5742.41,.205158
5748.77,.204594
5755.15,.203971
5761.55,.203302
5767.96,.202568
5774.38,.201827
5780.82,.201071
5787.27,.200306
5793.74,.199565
5800.22,.198852
5806.71,.198142
5813.22,.197455
5819.74,.196765
5826.28,.196105
5832.84,.195427
5839.40,.194718
5845.99,.193986
5852.59,.193219
5859.20,.192358
5865.83,.191405
5872.47,.190321
5879.13,.189112
5885.80,.187744
5892.49,.186267
5899.19,.184644
5905.91,.182935
5912.65,.181159
5919.40,.179343
5926.16,.177526
5932.94,.175782
5939.74,.174165
5946.55,.172782
5953.38,.171621
5960.22,.170704
5967.08,.169985
5973.95,.169428
5980.84,.168998
5987.75,.168672
5994.67,.168410
6001.61,.168201
6008.56,.168007
6015.53,.167853
6022.52,.167736
6029.52,.167612
6036.54,.167477
6043.58,.167315
6050.63,.167053
6057.70,.166739
6064.78,.166338
6071.88,.165810
6079.00,.165145
6086.14,.164347
6093.29,.163440
6100.46,.162438
6107.64,.161361
6114.85,.160272
6122.06,.159154
6129.30,.158040
6136.55,.156980
6143.83,.156008
6151.11,.155081
6158.42,.154267
6165.74,.153578
6173.08,.152982
6180.44,.152495
6187.81,.152105
6195.21,.151756
6202.62,.151479
6210.05,.151222
6217.49,.150967
6224.96,.150735
6232.44,.150537
6239.94,.150353
6247.45,.150223
6254.99,.150111
6262.54,.149997
6270.12,.149945
6277.71,.149986
6285.32,.150063
6292.94,.150230
6300.59,.150521
6308.25,.150974
6315.94,.151567
6323.64,.152222
6331.36,.152979
6339.10,.153829
6346.86,.154747
6354.64,.155651
6362.44,.156511
6370.25,.157367
6378.09,.158124
6385.94,.158749
6393.82,.159283
6401.71,.159731
6409.62,.160081
6417.56,.160374
6425.51,.160613
6433.48,.160817
6441.47,.161024
6449.48,.161223
6457.52,.161368
6465.56,.161453
6473.64,.161465
6481.73,.161405
6489.84,.161234
6497.97,.160963
6506.13,.160621
6514.30,.160220
6522.49,.159790
6530.71,.159391
6538.94,.159079
6547.20,.158920
6555.48,.158921
6563.78,.159060
6572.09,.159367
6580.44,.159816
6588.80,.160366
6597.18,.161000
6605.58,.161599
6614.01,.162131
6622.46,.162575
6630.92,.162910
6639.41,.163160
6647.93,.163355
6656.46,.163445
6665.02,.163460
6673.59,.163469
6682.19,.163467
6690.82,.163478
6699.46,.163526
6708.13,.163629
6716.81,.163735
6725.52,.163845
6734.26,.163958
6743.02,.164067
6751.80,.164150
6760.60,.164144
6769.42,.164023
6778.27,.163794
6787.15,.163449
6796.04,.162994
6804.96,.162532
6813.90,.162139
6822.87,.161766
6831.86,.161414
6840.87,.161127
6849.91,.160864
6858.97,.160597
6868.05,.160310
6877.16,.160012
6886.29,.159657
6895.45,.159237
6904.63,.158810
6913.84,.158379
6923.07,.157924
6932.33,.157466
6941.61,.156954
6950.91,.156429
6960.24,.155897
6969.60,.155333
6978.98,.154797
6988.38,.154254
6997.81,.153703
7007.26,.153186
7016.75,.152631
7026.25,.152065
7035.79,.151533
7045.35,.150961
7054.93,.150333
7064.54,.149730
7074.18,.149151
7083.85,.148598
7093.54,.148057
7103.25,.147529
7113.00,.147020
7122.77,.146485
7132.57,.145945
7142.39,.145389
7152.24,.144806
7162.12,.144225
7172.03,.143616
7181.96,.143016
7191.92,.142397
7201.91,.141757
7211.93,.141070
7221.97,.140312
7232.04,.139520
7242.15,.138712
7252.27,.137876
7262.43,.137037
7272.62,.136137
7282.83,.135168
7293.07,.134205
7303.34,.133249
7313.64,.132295
7323.97,.131373
7334.33,.130427
7344.72,.129515
7355.14,.128558
7365.58,.127558
7376.06,.126544
7386.57,.125525
7397.11,.124476
7407.67,.123419
7418.27,.122324
7428.90,.121208
7439.56,.120100
7450.25,.118993
7460.97,.117918
7471.72,.116810
7482.50,.115657
7493.31,.114545
7504.16,.113418
7515.03,.112254
7525.94,.111047
7536.88,.109839
7547.85,.108605
7558.85,.107361
7569.89,.106129
7580.95,.104928
7592.05,.103743
7603.18,.102604
7614.35,.101477
7625.54,.100355
7636.77,.099242
7648.04,.098141
7659.33,.097003
7670.67,.095841
7682.03,.094622
7693.42,.093387
7704.86,.092112
7716.32,.090810
7727.82,.089468
7739.35,.088104
7750.92,.086697
7762.52,.085273
7774.16,.083803
7785.83,.082320
7797.54,.080783
7809.28,.079257
7821.06,.077763
7832.88,.076267
7844.73,.074752
7856.62,.073235
7868.54,.071738
7880.50,.070258
7892.49,.068750
7904.52,.067257
7916.59,.065768
7928.69,.064317
7940.84,.062887
7953.01,.061432
7965.23,.059972
7977.48,.058542
7989.78,.057099
8002.11,.055700
8014.47,.054293
8026.88,.052911
8039.32,.051551
8051.81,.050257
8064.33,.048974
8076.89,.047706
8089.49,.046486
8102.13,.045312
8114.81,.044157
8127.53,.043087
8140.29,.042060
8153.09,.041051
8165.93,.040059
8178.81,.039132
8191.73,.038247
8204.69,.037439
8217.69,.036679
8230.73,.035984
8243.82,.035357
8256.95,.034779
8270.12,.034221
8283.32,.033670
8296.58,.033147
8309.87,.032663
8323.21,.032113
8336.59,.031547
8350.02,.030947
8363.48,.030295
8376.99,.029640
8390.55,.029079
8404.15,.028588
8417.79,.028184
8431.48,.027830
8445.21,.027536
8458.98,.027236
8472.81,.026959
8486.68,.026671
8500.59,.026398
8514.55,.026168
8528.55,.026018
8542.60,.025884
8556.70,.025826
8570.84,.025802
8585.03,.025795
8599.27,.025794
8613.55,.025850
8627.88,.025984
8642.26,.026269
8656.69,.026658
8671.16,.027153
8685.69,.027694
8700.26,.028288
8714.88,.028960
8729.55,.029738
8744.27,.030638
8759.04,.031672
8773.86,.032800
8788.73,.034083
8803.66,.035397
8818.63,.036715
8833.65,.038018
8848.72,.039303
8863.85,.040491
8879.03,.041640
8894.26,.042625
8909.54,.043381
8924.88,.044045
8940.27,.044931
8955.71,.046135
8971.20,.047481
8986.75,.048737
9002.35,.049694
9018.00,.050217
9033.71,.050412
9049.48,.050409
9065.30,.050337
9081.18,.050287
9097.10,.050362
9113.09,.050494
9129.14,.050599
9145.24,.050690
9161.39,.050707
9177.61,.050600
9193.88,.050459
9210.21,.050237
9226.60,.049973
9243.04,.049739
9259.55,.049495
9276.11,.049232
9292.73,.049007
9309.42,.048813
9326.17,.048620
9342.97,.048441
9359.83,.048260
9376.76,.048067
9393.75,.047866
9410.79,.047712
9427.91,.047726
9445.08,.047888
9462.31,.048166
9479.61,.048547
9496.97,.049061
9514.40,.049630
9531.88,.050216
9549.44,.050832
9567.05,.051461
9584.74,.052000
9602.49,.052480
9620.30,.052871
9638.18,.053182
9656.13,.053465
9674.15,.053658
9692.23,.053664
9710.38,.053597
9728.60,.053471
9746.89,.053227
9765.24,.052794
9783.67,.052283
9802.16,.051689
9820.72,.051025
9839.36,.050283
9858.06,.049483
9876.84,.048532
9895.69,.047475
9914.61,.046352
9933.60,.045241
9952.67,.044176
9971.81,.043245
9991.03,.042493
10010.31,.041968
10029.68,.041760
10049.11,.041767
10068.63,.041898
10088.22,.042135
10107.88,.042394
10127.63,.042627
10147.45,.042717
10167.34,.042625
10187.32,.042440
10207.37,.042150
10227.50,.041786
10247.71,.041513
10268.00,.041360
10288.38,.041372
10308.83,.041530
10329.37,.041876
10349.98,.042369
10370.69,.042945
10391.47,.043521
10412.34,.044014
10433.29,.044255
10454.32,.044236
10475.44,.043964
10496.65,.043596
10517.94,.043317
10539.32,.043174
10560.79,.043187
10582.34,.043388
10603.98,.043674
10625.71,.043980
10647.53,.044165
10669.44,.044158
10691.44,.043929
10713.53,.043520
10735.71,.042930
10757.99,.042226
10780.35,.041523
10802.81,.040850
10825.36,.040188
10848.00,.039609
10870.75,.039064
10893.58,.038518
10916.52,.038116
10939.55,.038004
10962.68,.038361
10985.91,.039515
11009.23,.041492
11032.66,.043956
11056.18,.046269
11079.80,.048109
11103.53,.049443
11127.36,.050344
11151.29,.051018
11175.32,.051536
11199.46,.051927
11223.70,.052206
11248.05,.052263
11272.50,.052114
11297.06,.051851
11321.72,.051609
11346.49,.051268
11371.38,.050881
11396.37,.050489
11421.47,.050085
11446.68,.049765
11472.01,.049459
11497.45,.049075
11523.00,.048768
11548.66,.048444
11574.44,.048243
11600.33,.048107
11626.34,.047966
11652.47,.047938
11678.72,.048048
11705.08,.048237
11731.57,.048590
11758.17,.049063
11784.89,.049687
11811.74,.050273
11838.70,.050782
11865.79,.051349
11893.00,.052035
11920.34,.052864
11947.81,.053820
11975.40,.054825
12003.12,.055904
12030.97,.056930
12058.96,.057894
12087.07,.058792
12115.31,.059571
12143.68,.060235
12172.19,.060878
12200.83,.061531
12229.60,.062215
12258.52,.062813
12287.57,.063281
12316.76,.063548
12346.08,.063682
12375.55,.063685
12405.15,.063446
12434.90,.063024
12464.78,.062525
12494.82,.061933
12525.00,.061313
12555.33,.060665
12585.80,.059927
12616.42,.059104
12647.20,.058174
12678.13,.057052
12709.20,.055761
12740.43,.054392
12771.81,.053033
12803.34,.051763
12835.03,.050617
12866.88,.049649
12898.90,.048904
12931.06,.048296
12963.39,.047836
12995.88,.047422
13028.53,.046926
13061.35,.046292
13094.33,.045493
13127.49,.044578
13160.81,.043623
13194.30,.042782
13227.96,.042083
13261.79,.041346
13295.79,.040660
13329.97,.039850
13364.32,.038873
13398.85,.037655
13433.56,.036252
13468.46,.034846
13503.53,.033456
13538.79,.032109
13574.23,.030994
13609.86,.030242
13645.68,.029923
13681.69,.029914
13717.88,.030145
13754.27,.030655
13790.85,.031378
13827.63,.032199
13864.60,.033202
13901.77,.034294
13939.15,.035239
13976.72,.035947
14014.49,.036319
14052.47,.036335
14090.66,.036070
14129.04,.035475
14167.64,.034643
14206.46,.033823
14245.49,.032881
14284.73,.031877
14324.20,.030912
14363.88,.029909
14403.78,.028933
14443.90,.027941
14484.25,.026907
14524.82,.025831
14565.62,.024734
14606.65,.023714
14647.92,.022762
14689.42,.022008
14731.15,.021382
14773.12,.020908
14815.33,.020685
14857.78,.020561
14900.48,.020631
14943.42,.020851
14986.59,.021045
15030.03,.021305
15073.72,.021654
15117.67,.021965
15161.87,.022067
15206.34,.022125
15251.06,.022297
15296.06,.022613
15341.31,.023177
15386.84,.024021
15432.63,.025109
15478.70,.026294
15525.04,.027369
15571.67,.028350
15618.58,.029091
15665.76,.029583
15713.24,.029936
15761.00,.030075
15809.05,.029970
15857.40,.029940
15906.04,.030064
15954.96,.030099
16004.21,.030082
16053.76,.030046
16103.62,.029938
16153.78,.029874
16204.26,.030118
16255.06,.030673
16306.19,.031559
16357.63,.032746
16409.39,.034189
16461.49,.035783
16513.91,.037510
16566.67,.039125
16619.77,.040538
16673.22,.042013
16727.01,.043405
16781.14,.044553
16835.63,.045595
16890.46,.046445
16945.66,.046934
17001.22,.047140
17057.16,.047181
17113.45,.047185
17170.12,.047301
17227.16,.047465
17284.59,.047599
17342.40,.047820
17400.60,.048295
17459.16,.048976
17518.15,.049697
17577.53,.050434
17637.32,.051048
17697.52,.051523
17758.13,.051904
17819.15,.052270
17880.61,.052553
17942.48,.052539
18004.78,.052482
18067.52,.052309
18130.69,.051804
18194.31,.051339
18258.37,.051101
18322.90,.051038
18387.88,.051093
18453.31,.051446
18519.22,.051990
18585.60,.052670
18652.45,.053454
18719.79,.054164
18787.59,.054952
18855.91,.055621
18924.73,.055992
18994.05,.056211
19063.88,.056456
19134.23,.056848
19205.10,.057480
19276.51,.058633
19348.44,.059985
19420.90,.061283
19493.92,.062810
19567.48,.063933
19641.60,.064514
19716.28,.065070
19791.52,.065515
19867.35,.065766
19943.76,.065766
20020.76,.065351
20098.36,.064704
20176.56,.063885
20255.38,.063140
20334.83,.062314
20414.89,.061410
20495.58,.060662
20576.91,.059860
20658.89,.058907
20741.53,.057917
20824.83,.056767
20908.78,.055940
20993.43,.055484
21078.77,.054737
21164.81,.054352
21251.55,.053698
21339.00,.052679
21427.18,.051934
21516.11,.051691
21605.76,.051238
21696.16,.050444
21787.32,.049630
21879.25,.048765
21971.96,.047743
22065.46,.046752
22159.73,.045746
22254.84,.044800
22350.76,.044376
22447.52,.044411
22545.12,.044094
22643.57,.043695
22742.88,.043687
22843.10,.044190
22944.17,.044486
23046.15,.044960
23149.03,.045437
23252.81,.045773
23357.56,.046015
23463.25,.045494
23569.90,.044845
23677.52,.044536
23786.13,.044231
23895.75,.043858
24006.38,.043900
24118.03,.043399
24230.73,.043170
24344.49,.043052
24459.33,.043342
24575.25,.043866
24692.27,.044204
24810.42,.044184
24929.70,.044591
25050.13,.045100
25171.73,.046203
25294.52,.047216
25418.52,.047573
25543.73,.047326
25670.18,.047416
25797.90,.047767
25926.88,.048114
26057.17,.048280
26188.78,.048318
26321.71,.048015
26456.01,.047712
26591.68,.047620
26728.75,.047647
26867.24,.047031
27007.17,.046892
27148.57,.046919
27291.46,.046704
27435.86,.046086
27581.79,.044894
27729.29,.044063
27878.37,.044035
28029.07,.043874
28181.40,.043228
28335.39,.042703
28491.08,.043350
28648.50,.044041
28807.65,.044776
28968.59,.045554
29131.33,.046840
29295.92,.048471
29462.37,.049837
29630.73,.050922
29801.02,.051800
29973.28,.052389
30147.54,.052708
30323.84,.052691
30502.22,.053050
30682.71,.053061
30865.34,.052963
31050.17,.052042
31237.21,.051278
31426.53,.050823
31618.15,.050531
31812.13,.049994
32008.50,.050214
32207.31,.049620
32408.61,.049624
32612.44,.049820
32818.84,.050018
33027.88,.050779
33239.60,.051311
33454.05,.051377
33671.28,.051330
33891.36,.050708
34114.32,.050081
34340.25,.050634
34569.18,.051655
34801.19,.051255
35036.33,.051529
35274.68,.052406
35516.28,.052746
35761.23,.052621
36009.57,.053454
36261.38,.053312
36516.74,.052122
36775.73,.051779
37038.41,.052571
37304.88,.052531
37575.20,.052636
37849.47,.051839
38127.77,.049946
38410.20,.049183
38696.84,.049524
38987.80,.048430
39283.16,.049285
39583.03,.050575
39887.52,.050895
40196.72,.050895
40510.76,.052254
40829.75,.050862
41153.79,.049080
41483.02,.048717
41817.56,.050792
42157.54,.052979
42503.09,.053651
42854.36,.053646
43211.48,.052403
43574.60,.051887
43943.88,.053802
44319.46,.054335
44701.53,.053510
45090.24,.052909
45485.77,.054033
45888.30,.055381
46298.01,.054709
46715.11,.052170
47139.79,.050366
47572.27,.051829
48012.75,.053688
48461.47,.052938
48918.66,.053795
49384.55,.054119
49859.40,.054317
