1428.4,0.25543
1428.8,0.25475
1429.2,0.25527
1429.6,0.25561
1430.0,0.25559
1430.4,0.25575
1430.8,0.25587
1431.2,0.25619
1431.6,0.25585
1432.0,0.25553
1432.4,0.25556
1432.8,0.25522
1433.2,0.25490
1433.6,0.25555
1433.9,0.25552
1434.3,0.25566
1434.8,0.25601
1435.1,0.25554
1435.5,0.25523
1435.9,0.25529
1436.3,0.25552
1436.7,0.25532
1437.1,0.25567
1437.5,0.25599
1437.9,0.25581
1438.3,0.25547
1438.7,0.25577
1439.1,0.25636
1439.5,0.25600
1439.9,0.25563
1440.3,0.25581
1440.7,0.25618
1441.1,0.25559
1441.5,0.25554
1441.9,0.25569
1442.3,0.25560
1442.7,0.25539
1443.1,0.25584
1443.5,0.25634
1443.9,0.25562
1444.3,0.25489
1444.7,0.25540
1445.1,0.25627
1445.6,0.25656
1445.9,0.25597
1446.3,0.25588
1446.8,0.25583
1447.2,0.25598
1447.6,0.25616
1448.0,0.25602
1448.4,0.25583
1448.8,0.25638
1449.2,0.25642
1449.6,0.25565
1450.0,0.25547
1450.4,0.25599
1450.8,0.25641
1451.2,0.25622
1451.6,0.25597
1452.0,0.25634
1452.4,0.25638
1452.8,0.25613
1453.3,0.25622
1453.7,0.25611
1454.1,0.25587
1454.5,0.25623
1454.9,0.25623
1455.3,0.25604
1455.7,0.25592
1456.1,0.25600
1456.5,0.25631
1456.9,0.25632
1457.3,0.25603
1457.7,0.25601
1458.2,0.25629
1458.6,0.25594
1459.0,0.25571
1459.4,0.25566
1459.8,0.25532
1460.2,0.25521
1460.6,0.25564
1461.0,0.25586
1461.4,0.25599
1461.8,0.25619
1462.3,0.25621
1462.7,0.25626
1463.1,0.25621
1463.5,0.25599
1463.9,0.25580
1464.3,0.25579
1464.7,0.25590
1465.2,0.25578
1465.6,0.25565
1466.0,0.25566
1466.4,0.25597
1466.8,0.25639
1467.2,0.25650
1467.6,0.25628
1468.1,0.25638
1468.5,0.25627
1468.9,0.25589
1469.3,0.25633
1469.7,0.25658
1470.1,0.25629
1470.6,0.25607
1471.0,0.25592
1471.4,0.25596
1471.8,0.25589
1472.2,0.25586
1472.7,0.25602
1473.1,0.25629
1473.5,0.25644
1473.9,0.25625
1474.3,0.25644
1474.7,0.25605
1475.2,0.25627
1475.6,0.25663
1476.0,0.25626
1476.4,0.25583
1476.8,0.25587
1477.3,0.25633
1477.7,0.25654
1478.1,0.25621
1478.5,0.25606
1478.9,0.25616
1479.4,0.25614
1479.8,0.25579
1480.2,0.25588
1480.6,0.25609
1481.1,0.25603
1481.5,0.25613
1481.9,0.25621
1482.3,0.25598
1482.8,0.25608
1483.2,0.25642
1483.6,0.25609
1484.0,0.25608
1484.4,0.25644
1484.9,0.25639
1485.3,0.25588
1485.7,0.25584
1486.2,0.25628
1486.6,0.25619
1487.0,0.25623
1487.4,0.25634
1487.9,0.25653
1488.3,0.25640
1488.7,0.25619
1489.1,0.25636
1489.6,0.25646
1490.0,0.25626
1490.4,0.25581
1490.8,0.25560
1491.3,0.25589
1491.7,0.25618
1492.1,0.25591
1492.6,0.25592
1493.0,0.25607
1493.4,0.25599
1493.9,0.25608
1494.3,0.25601
1494.7,0.25596
1495.2,0.25568
1495.6,0.25584
1496.0,0.25618
1496.4,0.25624
1496.9,0.25620
1497.3,0.25620
1497.8,0.25573
1498.2,0.25557
1498.6,0.25607
1499.0,0.25614
1499.5,0.25586
1499.9,0.25572
1500.3,0.25564
1500.8,0.25623
1501.2,0.25666
1501.7,0.25647
1502.1,0.25598
1502.5,0.25578
1502.9,0.25557
1503.4,0.25550
1503.8,0.25540
1504.3,0.25520
1504.7,0.25535
1505.1,0.25569
1505.6,0.25561
1506.0,0.25541
1506.4,0.25573
1506.9,0.25574
1507.3,0.25565
1507.8,0.25567
1508.2,0.25563
1508.6,0.25535
1509.1,0.25552
1509.5,0.25552
1510.0,0.25552
1510.4,0.25568
1510.8,0.25576
1511.3,0.25558
1511.7,0.25541
1512.2,0.25542
1512.6,0.25515
1513.0,0.25512
1513.5,0.25558
1513.9,0.25559
1514.4,0.25533
1514.8,0.25505
1515.3,0.25528
1515.7,0.25528
1516.1,0.25473
1516.6,0.25495
1517.0,0.25520
1517.5,0.25496
1517.9,0.25512
1518.4,0.25523
1518.8,0.25522
1519.3,0.25537
1519.7,0.25552
1520.1,0.25557
1520.6,0.25548
1521.0,0.25535
1521.5,0.25534
1521.9,0.25494
1522.4,0.25481
1522.8,0.25474
1523.3,0.25450
1523.7,0.25472
1524.2,0.25500
1524.6,0.25495
1525.1,0.25496
1525.5,0.25486
1526.0,0.25473
1526.4,0.25480
1526.9,0.25505
1527.3,0.25505
1527.8,0.25503
1528.2,0.25507
1528.7,0.25466
1529.1,0.25453
1529.6,0.25438
1530.0,0.25442
1530.5,0.25460
1530.9,0.25458
1531.4,0.25445
1531.8,0.25440
1532.3,0.25437
1532.7,0.25436
1533.2,0.25453
1533.6,0.25450
1534.1,0.25450
1534.5,0.25454
1535.0,0.25428
1535.4,0.25422
1535.9,0.25418
1536.4,0.25443
1536.8,0.25457
1537.3,0.25428
1537.7,0.25445
1538.2,0.25455
1538.6,0.25430
1539.1,0.25404
1539.6,0.25413
1540.0,0.25418
1540.5,0.25386
1540.9,0.25376
1541.4,0.25374
1541.8,0.25391
1542.3,0.25387
1542.8,0.25400
1543.2,0.25400
1543.7,0.25379
1544.1,0.25368
1544.6,0.25392
1545.1,0.25385
1545.5,0.25366
1546.0,0.25402
1546.4,0.25414
1546.9,0.25375
1547.4,0.25340
1547.8,0.25340
1548.3,0.25337
1548.8,0.25327
1549.2,0.25345
1549.7,0.25344
1550.1,0.25317
1550.6,0.25315
1551.1,0.25323
1551.5,0.25315
1552.0,0.25311
1552.5,0.25313
1552.9,0.25307
1553.4,0.25321
1553.8,0.25291
1554.3,0.25275
1554.8,0.25307
1555.3,0.25329
1555.7,0.25308
1556.2,0.25305
1556.7,0.25306
1557.1,0.25291
1557.6,0.25277
1558.1,0.25251
1558.5,0.25228
1559.0,0.25251
1559.5,0.25281
1559.9,0.25274
1560.4,0.25265
1560.9,0.25247
1561.3,0.25252
1561.8,0.25270
1562.3,0.25289
1562.8,0.25271
1563.2,0.25214
1563.7,0.25193
1564.2,0.25214
1564.6,0.25230
1565.1,0.25221
1565.6,0.25209
1566.1,0.25195
1566.5,0.25181
1567.0,0.25191
1567.5,0.25210
1567.9,0.25199
1568.4,0.25187
1568.9,0.25177
1569.4,0.25157
1569.8,0.25146
1570.3,0.25158
1570.8,0.25164
1571.3,0.25155
1571.8,0.25128
1572.2,0.25106
1572.7,0.25111
1573.2,0.25109
1573.7,0.25121
1574.1,0.25131
1574.6,0.25146
1575.1,0.25146
1575.6,0.25138
1576.1,0.25138
1576.5,0.25122
1577.0,0.25097
1577.5,0.25073
1578.0,0.25065
1578.4,0.25060
1578.9,0.25065
1579.4,0.25077
1579.9,0.25076
1580.4,0.25060
1580.9,0.25052
1581.3,0.25053
1581.8,0.25065
1582.3,0.25057
1582.8,0.25036
1583.3,0.25035
1583.8,0.25044
1584.2,0.25030
1584.7,0.25017
1585.2,0.25015
1585.7,0.25015
1586.2,0.25011
1586.7,0.25009
1587.2,0.25005
1587.6,0.25019
1588.1,0.25037
1588.6,0.25027
1589.1,0.24996
1589.6,0.24972
1590.1,0.24971
1590.6,0.24985
1591.1,0.24972
1591.5,0.24967
1592.0,0.24959
1592.5,0.24945
1593.0,0.24929
1593.5,0.24924
1594.0,0.24933
1594.5,0.24945
1595.0,0.24938
1595.4,0.24915
1595.9,0.24901
1596.4,0.24906
1596.9,0.24897
1597.4,0.24897
1597.9,0.24899
1598.4,0.24895
1598.9,0.24882
1599.4,0.24864
1599.9,0.24856
1600.4,0.24849
1600.9,0.24850
1601.4,0.24838
1601.9,0.24834
1602.3,0.24854
1602.8,0.24857
1603.3,0.24831
1603.8,0.24806
1604.3,0.24787
1604.8,0.24760
1605.3,0.24762
1605.8,0.24776
1606.3,0.24780
1606.8,0.24769
1607.3,0.24754
1607.8,0.24739
1608.3,0.24725
1608.8,0.24728
1609.3,0.24728
1609.8,0.24744
1610.3,0.24720
1610.8,0.24696
1611.3,0.24709
1611.8,0.24721
1612.3,0.24733
1612.8,0.24709
1613.3,0.24692
1613.8,0.24693
1614.3,0.24682
1614.8,0.24676
1615.3,0.24679
1615.8,0.24664
1616.3,0.24655
1616.8,0.24663
1617.3,0.24662
1617.8,0.24680
1618.4,0.24661
1618.9,0.24626
1619.4,0.24615
1619.9,0.24626
1620.4,0.24609
1620.9,0.24576
1621.4,0.24578
1621.9,0.24574
1622.4,0.24567
1622.9,0.24573
1623.4,0.24576
1623.9,0.24561
1624.4,0.24554
1624.9,0.24562
1625.5,0.24566
1626.0,0.24533
1626.5,0.24523
1627.0,0.24527
1627.5,0.24517
1628.0,0.24501
1628.5,0.24508
1629.0,0.24516
1629.6,0.24504
1630.1,0.24481
1630.6,0.24467
1631.1,0.24459
1631.6,0.24441
1632.1,0.24430
1632.6,0.24442
1633.1,0.24456
1633.7,0.24450
1634.2,0.24432
1634.7,0.24433
1635.2,0.24427
1635.7,0.24408
1636.2,0.24393
1636.8,0.24391
1637.3,0.24385
1637.8,0.24394
1638.3,0.24377
1638.8,0.24361
1639.3,0.24345
1639.9,0.24341
1640.4,0.24348
1640.9,0.24358
1641.4,0.24348
1641.9,0.24337
1642.5,0.24337
1643.0,0.24335
1643.5,0.24311
1644.0,0.24287
1644.5,0.24292
1645.1,0.24298
1645.6,0.24291
1646.1,0.24268
1646.6,0.24250
1647.2,0.24235
1647.7,0.24234
1648.2,0.24241
1648.7,0.24253
1649.3,0.24246
1649.8,0.24221
1650.3,0.24200
1650.8,0.24194
1651.3,0.24187
1651.9,0.24160
1652.4,0.24159
1652.9,0.24169
1653.4,0.24175
1654.0,0.24184
1654.5,0.24158
1655.0,0.24136
1655.6,0.24159
1656.1,0.24147
1656.6,0.24119
1657.2,0.24110
1657.7,0.24106
1658.2,0.24087
1658.7,0.24090
1659.3,0.24090
1659.8,0.24054
1660.3,0.24043
1660.9,0.24040
1661.4,0.24044
1661.9,0.24052
1662.5,0.24043
1663.0,0.24033
1663.5,0.24023
1664.1,0.24004
1664.6,0.24009
1665.1,0.24012
1665.7,0.23993
1666.2,0.24000
1666.7,0.23982
1667.3,0.23975
1667.8,0.23976
1668.3,0.23956
1668.9,0.23940
1669.4,0.23947
1670.0,0.23930
1670.5,0.23914
1671.0,0.23908
1671.6,0.23878
1672.1,0.23860
1672.7,0.23864
1673.2,0.23866
1673.7,0.23875
1674.3,0.23859
1674.8,0.23835
1675.4,0.23820
1675.9,0.23806
1676.4,0.23803
1677.0,0.23807
1677.5,0.23814
1678.1,0.23812
1678.6,0.23802
1679.2,0.23790
1679.7,0.23789
1680.3,0.23791
1680.8,0.23777
1681.3,0.23755
1681.9,0.23740
1682.4,0.23715
1683.0,0.23702
1683.5,0.23717
1684.1,0.23719
1684.6,0.23707
1685.2,0.23695
1685.7,0.23689
1686.3,0.23683
1686.8,0.23676
1687.3,0.23662
1687.9,0.23660
1688.4,0.23674
1689.0,0.23666
1689.6,0.23637
1690.1,0.23626
1690.7,0.23612
1691.2,0.23614
1691.8,0.23607
1692.3,0.23581
1692.9,0.23586
1693.4,0.23590
1694.0,0.23571
1694.5,0.23573
1695.1,0.23563
1695.6,0.23544
1696.2,0.23525
1696.7,0.23515
1697.3,0.23526
1697.8,0.23519
1698.4,0.23505
1699.0,0.23486
1699.5,0.23475
1700.1,0.23474
1700.6,0.23469
1701.2,0.23443
1701.8,0.23425
1702.3,0.23448
1702.9,0.23457
1703.4,0.23439
1704.0,0.23416
1704.6,0.23406
1705.1,0.23400
1705.7,0.23406
1706.2,0.23408
1706.8,0.23408
1707.4,0.23397
1707.9,0.23379
1708.5,0.23367
1709.1,0.23340
1709.6,0.23321
1710.2,0.23311
1710.7,0.23320
1711.3,0.23322
1711.9,0.23310
1712.4,0.23313
1713.0,0.23303
1713.6,0.23280
1714.1,0.23263
1714.7,0.23259
1715.3,0.23256
1715.8,0.23236
1716.4,0.23229
1717.0,0.23226
1717.5,0.23221
1718.1,0.23215
1718.7,0.23208
1719.3,0.23209
1719.8,0.23202
1720.4,0.23177
1721.0,0.23170
1721.5,0.23179
1722.1,0.23175
1722.7,0.23178
1723.3,0.23174
1723.8,0.23160
1724.4,0.23145
1725.0,0.23134
1725.5,0.23111
1726.1,0.23107
1726.7,0.23106
1727.3,0.23096
1727.8,0.23081
1728.4,0.23066
1729.0,0.23042
1729.6,0.23044
1730.2,0.23044
1730.7,0.23032
1731.3,0.23037
1731.9,0.23033
1732.5,0.23013
1733.0,0.23011
1733.6,0.23004
1734.2,0.22981
1734.8,0.22978
1735.4,0.22978
1735.9,0.22962
1736.5,0.22952
1737.1,0.22944
1737.7,0.22940
1738.3,0.22928
1738.8,0.22921
1739.4,0.22925
1740.0,0.22933
1740.6,0.22919
1741.2,0.22882
1741.8,0.22859
1742.4,0.22842
1742.9,0.22841
1743.5,0.22846
1744.1,0.22858
1744.7,0.22850
1745.3,0.22828
1745.9,0.22824
1746.5,0.22811
1747.1,0.22791
1747.6,0.22779
1748.2,0.22771
1748.8,0.22769
1749.4,0.22760
1750.0,0.22745
1750.6,0.22742
1751.2,0.22736
1751.8,0.22737
1752.4,0.22728
1753.0,0.22721
1753.6,0.22708
1754.2,0.22697
1754.7,0.22685
1755.3,0.22687
1755.9,0.22677
1756.5,0.22660
1757.1,0.22658
1757.7,0.22643
1758.3,0.22630
1758.9,0.22627
1759.5,0.22609
1760.1,0.22597
1760.7,0.22594
1761.3,0.22583
1761.9,0.22574
1762.5,0.22568
1763.1,0.22565
1763.7,0.22566
1764.3,0.22551
1764.9,0.22540
1765.5,0.22532
1766.1,0.22519
1766.7,0.22515
1767.3,0.22506
1767.9,0.22494
1768.5,0.22483
1769.1,0.22481
1769.7,0.22480
1770.3,0.22464
1770.9,0.22458
1771.5,0.22459
1772.1,0.22448
1772.7,0.22454
1773.3,0.22439
1773.9,0.22412
1774.6,0.22396
1775.2,0.22385
1775.8,0.22377
1776.4,0.22367
1777.0,0.22368
1777.6,0.22374
1778.2,0.22369
1778.8,0.22349
1779.4,0.22333
1780.0,0.22323
1780.7,0.22324
1781.3,0.22325
1781.9,0.22317
1782.5,0.22313
1783.1,0.22305
1783.7,0.22287
1784.3,0.22268
1784.9,0.22268
1785.6,0.22272
1786.2,0.22264
1786.8,0.22250
1787.4,0.22237
1788.0,0.22215
1788.6,0.22209
1789.3,0.22216
1789.9,0.22206
1790.5,0.22199
1791.1,0.22187
1791.7,0.22184
1792.3,0.22180
1793.0,0.22168
1793.6,0.22158
1794.2,0.22156
1794.8,0.22144
1795.4,0.22134
1796.1,0.22117
1796.7,0.22107
1797.3,0.22107
1797.9,0.22111
1798.6,0.22102
1799.2,0.22081
1799.8,0.22078
1800.4,0.22077
1801.1,0.22055
1801.7,0.22047
1802.3,0.22049
1802.9,0.22035
1803.6,0.22020
1804.2,0.22019
1804.8,0.21997
1805.5,0.21985
1806.1,0.21982
1806.7,0.21976
1807.3,0.21981
1808.0,0.21980
1808.6,0.21974
1809.2,0.21958
1809.9,0.21948
1810.5,0.21949
1811.1,0.21954
1811.8,0.21948
1812.4,0.21929
1813.0,0.21914
1813.7,0.21908
1814.3,0.21914
1814.9,0.21900
1815.6,0.21876
1816.2,0.21868
1816.8,0.21862
1817.5,0.21865
1818.1,0.21873
1818.8,0.21870
1819.4,0.21851
1820.0,0.21829
1820.7,0.21810
1821.3,0.21797
1821.9,0.21807
1822.6,0.21813
1823.2,0.21792
1823.9,0.21784
1824.5,0.21785
1825.2,0.21777
1825.8,0.21763
1826.4,0.21763
1827.1,0.21758
1827.7,0.21746
1828.4,0.21745
1829.0,0.21735
1829.7,0.21723
1830.3,0.21716
1831.0,0.21707
1831.6,0.21700
1832.3,0.21686
1832.9,0.21673
1833.6,0.21660
1834.2,0.21655
1834.8,0.21663
1835.5,0.21668
1836.2,0.21658
1836.8,0.21642
1837.4,0.21640
1838.1,0.21635
1838.8,0.21621
1839.4,0.21613
1840.1,0.21616
1840.7,0.21608
1841.4,0.21598
1842.0,0.21591
1842.7,0.21584
1843.3,0.21585
1844.0,0.21578
1844.6,0.21565
1845.3,0.21558
1845.9,0.21553
1846.6,0.21555
1847.3,0.21548
1847.9,0.21539
1848.6,0.21533
1849.3,0.21515
1849.9,0.21505
1850.6,0.21507
1851.2,0.21498
1851.9,0.21489
1852.6,0.21478
1853.2,0.21457
1853.9,0.21462
1854.5,0.21472
1855.2,0.21463
1855.9,0.21446
1856.5,0.21443
1857.2,0.21444
1857.9,0.21434
1858.5,0.21418
1859.2,0.21406
1859.9,0.21412
1860.5,0.21407
1861.2,0.21404
1861.9,0.21401
1862.5,0.21395
1863.2,0.21385
1863.9,0.21365
1864.5,0.21357
1865.2,0.21357
1865.9,0.21356
1866.6,0.21357
1867.2,0.21346
1867.9,0.21334
1868.6,0.21320
1869.3,0.21304
1869.9,0.21308
1870.6,0.21325
1871.3,0.21328
1871.9,0.21315
1872.6,0.21305
1873.3,0.21304
1874.0,0.21292
1874.7,0.21281
1875.3,0.21277
1876.0,0.21270
1876.7,0.21265
1877.4,0.21264
1878.1,0.21251
1878.7,0.21236
1879.4,0.21225
1880.1,0.21228
1880.8,0.21236
1881.5,0.21228
1882.1,0.21214
1882.8,0.21201
1883.5,0.21192
1884.2,0.21197
1884.9,0.21201
1885.6,0.21195
1886.3,0.21182
1886.9,0.21174
1887.6,0.21165
1888.3,0.21163
1889.0,0.21157
1889.7,0.21147
1890.4,0.21139
1891.1,0.21131
1891.8,0.21124
1892.4,0.21124
1893.1,0.21125
1893.8,0.21121
1894.5,0.21117
1895.2,0.21111
1895.9,0.21104
1896.6,0.21090
1897.3,0.21087
1898.0,0.21081
1898.7,0.21071
1899.4,0.21061
1900.1,0.21067
1900.8,0.21074
1901.5,0.21065
1902.2,0.21048
1902.9,0.21040
1903.6,0.21047
1904.3,0.21054
1905.0,0.21051
1905.7,0.21038
1906.4,0.21030
1907.1,0.21025
1907.8,0.21008
1908.5,0.20993
1909.2,0.20985
1909.9,0.20980
1910.6,0.20985
1911.3,0.20985
1912.0,0.20987
1912.7,0.20982
1913.4,0.20977
1914.1,0.20982
1914.8,0.20970
1915.5,0.20960
1916.2,0.20961
1916.9,0.20957
1917.6,0.20950
1918.3,0.20941
1919.1,0.20938
1919.8,0.20942
1920.5,0.20946
1921.2,0.20939
1921.9,0.20936
1922.6,0.20931
1923.3,0.20922
1924.1,0.20918
1924.8,0.20914
1925.5,0.20911
1926.2,0.20911
1926.9,0.20911
1927.6,0.20915
1928.3,0.20909
1929.1,0.20892
1929.8,0.20889
1930.5,0.20888
1931.2,0.20877
1931.9,0.20880
1932.7,0.20884
1933.4,0.20881
1934.1,0.20876
1934.8,0.20878
1935.5,0.20870
1936.3,0.20866
1937.0,0.20859
1937.7,0.20861
1938.4,0.20859
1939.2,0.20850
1939.9,0.20842
1940.6,0.20843
1941.3,0.20849
1942.1,0.20850
1942.8,0.20853
1943.5,0.20853
1944.3,0.20841
1945.0,0.20835
1945.7,0.20830
1946.4,0.20829
1947.2,0.20831
1947.9,0.20833
1948.6,0.20836
1949.4,0.20835
1950.1,0.20824
1950.8,0.20823
1951.6,0.20824
1952.3,0.20819
1953.0,0.20822
1953.8,0.20824
1954.5,0.20821
1955.3,0.20827
1956.0,0.20829
1956.7,0.20820
1957.5,0.20822
1958.2,0.20824
1958.9,0.20810
1959.7,0.20811
1960.4,0.20814
1961.2,0.20808
1961.9,0.20807
1962.7,0.20805
1963.4,0.20800
1964.1,0.20811
1964.9,0.20813
1965.6,0.20812
1966.4,0.20809
1967.1,0.20805
1967.9,0.20809
1968.6,0.20801
1969.4,0.20792
1970.1,0.20797
1970.8,0.20807
1971.6,0.20809
1972.3,0.20806
1973.1,0.20800
1973.8,0.20798
1974.6,0.20802
1975.4,0.20803
1976.1,0.20806
1976.9,0.20800
1977.6,0.20798
1978.4,0.20803
1979.1,0.20813
1979.9,0.20807
1980.6,0.20799
1981.4,0.20796
1982.2,0.20792
1982.9,0.20795
1983.7,0.20801
1984.4,0.20797
1985.2,0.20799
1985.9,0.20807
1986.7,0.20803
1987.5,0.20795
1988.2,0.20804
1989.0,0.20809
1989.8,0.20811
1990.5,0.20811
1991.3,0.20807
1992.1,0.20808
1992.8,0.20818
1993.6,0.20818
1994.3,0.20818
1995.1,0.20820
1995.9,0.20814
1996.7,0.20808
1997.4,0.20809
1998.2,0.20814
1999.0,0.20818
1999.7,0.20814
2000.5,0.20821
2001.3,0.20826
2002.1,0.20825
2002.8,0.20827
2003.6,0.20825
2004.4,0.20825
2005.2,0.20836
2005.9,0.20849
2006.7,0.20846
2007.5,0.20841
2008.3,0.20846
2009.0,0.20850
2009.8,0.20850
2010.6,0.20852
2011.4,0.20843
2012.2,0.20846
2012.9,0.20854
2013.7,0.20859
2014.5,0.20863
2015.3,0.20864
2016.1,0.20871
2016.8,0.20878
2017.6,0.20882
2018.4,0.20877
2019.2,0.20875
2020.0,0.20880
2020.8,0.20883
2021.6,0.20889
2022.4,0.20889
2023.2,0.20888
2023.9,0.20894
2024.7,0.20898
2025.5,0.20896
2026.3,0.20902
2027.1,0.20911
2027.9,0.20919
2028.7,0.20914
2029.5,0.20909
2030.3,0.20926
2031.1,0.20936
2031.9,0.20931
2032.7,0.20926
2033.5,0.20925
2034.3,0.20930
2035.1,0.20940
2035.9,0.20946
2036.7,0.20951
2037.5,0.20954
2038.3,0.20957
2039.1,0.20959
2039.9,0.20966
2040.7,0.20970
2041.5,0.20972
2042.3,0.20979
2043.1,0.20989
2043.9,0.20992
2044.7,0.20993
2045.5,0.20994
2046.3,0.20997
2047.1,0.21003
2047.9,0.21008
2048.7,0.21011
2049.5,0.21020
2050.4,0.21023
2051.2,0.21027
2052.0,0.21035
2052.8,0.21035
2053.6,0.21037
2054.4,0.21049
2055.2,0.21055
2056.0,0.21058
2056.9,0.21062
2057.7,0.21061
2058.5,0.21064
2059.3,0.21076
2060.1,0.21078
2060.9,0.21078
2061.8,0.21085
2062.6,0.21093
2063.4,0.21096
2064.2,0.21109
2065.1,0.21121
2065.9,0.21122
2066.7,0.21124
2067.5,0.21134
2068.3,0.21145
2069.2,0.21147
2070.0,0.21152
2070.8,0.21157
2071.6,0.21162
2072.5,0.21163
2073.3,0.21166
2074.1,0.21176
2075.0,0.21192
2075.8,0.21204
2076.6,0.21202
2077.5,0.21202
2078.3,0.21211
2079.1,0.21216
2080.0,0.21222
2080.8,0.21229
2081.6,0.21239
2082.5,0.21247
2083.3,0.21246
2084.1,0.21257
2085.0,0.21266
2085.8,0.21271
2086.7,0.21273
2087.5,0.21279
2088.3,0.21297
2089.2,0.21309
2090.0,0.21304
2090.9,0.21308
2091.7,0.21316
2092.6,0.21321
2093.4,0.21334
2094.2,0.21339
2095.1,0.21338
2095.9,0.21348
2096.8,0.21362
2097.6,0.21374
2098.5,0.21380
2099.3,0.21382
2100.2,0.21383
2101.0,0.21394
2101.9,0.21407
2102.7,0.21411
2103.6,0.21422
2104.4,0.21433
2105.3,0.21440
2106.1,0.21449
2107.0,0.21453
2107.9,0.21452
2108.7,0.21462
2109.6,0.21476
2110.4,0.21490
2111.3,0.21497
2112.2,0.21503
2113.0,0.21508
2113.9,0.21514
2114.7,0.21521
2115.6,0.21533
2116.5,0.21542
2117.3,0.21549
2118.2,0.21560
2119.1,0.21569
2119.9,0.21577
2120.8,0.21590
2121.7,0.21600
2122.5,0.21610
2123.4,0.21616
2124.3,0.21621
2125.1,0.21632
2126.0,0.21639
2126.9,0.21648
2127.8,0.21661
2128.6,0.21666
2129.5,0.21673
2130.4,0.21681
2131.3,0.21695
2132.1,0.21710
2133.0,0.21714
2133.9,0.21715
2134.8,0.21727
2135.6,0.21739
2136.5,0.21749
2137.4,0.21763
2138.3,0.21772
2139.2,0.21780
2140.1,0.21786
2140.9,0.21795
2141.8,0.21805
2142.7,0.21817
2143.6,0.21830
2144.5,0.21842
2145.4,0.21851
2146.3,0.21858
2147.1,0.21868
2148.0,0.21882
2148.9,0.21891
2149.8,0.21895
2150.7,0.21905
2151.6,0.21915
2152.5,0.21926
2153.4,0.21937
2154.3,0.21950
2155.2,0.21960
2156.1,0.21970
2157.0,0.21988
2157.9,0.21991
2158.8,0.21993
2159.7,0.22003
2160.6,0.22022
2161.5,0.22040
2162.4,0.22050
2163.3,0.22057
2164.2,0.22067
2165.1,0.22085
2166.0,0.22096
2166.9,0.22100
2167.8,0.22110
2168.7,0.22119
2169.6,0.22130
2170.5,0.22146
2171.4,0.22156
2172.3,0.22162
2173.3,0.22174
2174.2,0.22182
2175.1,0.22189
2176.0,0.22198
2176.9,0.22209
2177.8,0.22219
2178.7,0.22233
2179.6,0.22248
2180.6,0.22255
2181.5,0.22269
2182.4,0.22281
2183.3,0.22294
2184.2,0.22310
2185.1,0.22321
2186.1,0.22331
2187.0,0.22348
2187.9,0.22356
2188.8,0.22362
2189.8,0.22370
2190.7,0.22385
2191.6,0.22401
2192.6,0.22413
2193.5,0.22428
2194.4,0.22441
2195.3,0.22450
2196.3,0.22458
2197.2,0.22472
2198.1,0.22489
2199.1,0.22496
2200.0,0.22506
2200.9,0.22516
2201.9,0.22529
2202.8,0.22544
2203.7,0.22556
2204.7,0.22573
2205.6,0.22588
2206.5,0.22597
2207.5,0.22608
2208.4,0.22633
2209.4,0.22648
2210.3,0.22650
2211.3,0.22663
2212.2,0.22676
2213.1,0.22687
2214.1,0.22699
2215.0,0.22716
2216.0,0.22735
2216.9,0.22744
2217.9,0.22755
2218.8,0.22764
2219.8,0.22779
2220.7,0.22790
2221.7,0.22796
2222.6,0.22810
2223.6,0.22829
2224.5,0.22840
2225.5,0.22852
2226.4,0.22865
2227.4,0.22878
2228.4,0.22895
2229.3,0.22912
2230.3,0.22922
2231.2,0.22927
2232.2,0.22939
2233.1,0.22955
2234.1,0.22968
2235.1,0.22980
2236.0,0.22987
2237.0,0.23002
2238.0,0.23012
2238.9,0.23020
2239.9,0.23035
2240.9,0.23057
2241.8,0.23072
2242.8,0.23080
2243.8,0.23085
2244.8,0.23097
2245.7,0.23115
2246.7,0.23132
2247.7,0.23148
2248.6,0.23160
2249.6,0.23174
2250.6,0.23184
2251.6,0.23197
2252.6,0.23211
2253.5,0.23222
2254.5,0.23233
2255.5,0.23246
2256.5,0.23259
2257.5,0.23269
2258.4,0.23285
2259.4,0.23301
2260.4,0.23317
2261.4,0.23331
2262.4,0.23344
2263.4,0.23357
2264.4,0.23366
2265.4,0.23373
2266.3,0.23385
2267.3,0.23405
2268.3,0.23424
2269.3,0.23438
2270.3,0.23448
2271.3,0.23454
2272.3,0.23467
2273.3,0.23479
2274.3,0.23497
2275.3,0.23516
2276.3,0.23531
2277.3,0.23545
2278.3,0.23555
2279.3,0.23561
2280.3,0.23575
2281.3,0.23599
2282.3,0.23615
2283.3,0.23623
2284.3,0.23636
2285.3,0.23654
2286.3,0.23667
2287.3,0.23673
2288.4,0.23686
2289.4,0.23706
2290.4,0.23721
2291.4,0.23732
2292.4,0.23747
2293.4,0.23765
2294.4,0.23776
2295.4,0.23787
2296.5,0.23795
2297.5,0.23804
2298.5,0.23822
2299.5,0.23837
2300.5,0.23848
2301.6,0.23860
2302.6,0.23877
2303.6,0.23892
2304.6,0.23905
2305.6,0.23923
2306.7,0.23935
2307.7,0.23946
2308.7,0.23960
2309.8,0.23973
2310.8,0.23984
2311.8,0.23993
2312.9,0.24009
2313.9,0.24027
2314.9,0.24041
2315.9,0.24052
2317.0,0.24065
2318.0,0.24078
2319.1,0.24090
2320.1,0.24106
2321.1,0.24120
2322.2,0.24128
2323.2,0.24141
2324.3,0.24156
2325.3,0.24169
2326.3,0.24181
2327.4,0.24193
2328.4,0.24207
2329.5,0.24224
2330.5,0.24235
2331.6,0.24246
2332.6,0.24264
2333.7,0.24282
2334.7,0.24294
2335.8,0.24302
2336.8,0.24314
2337.9,0.24328
2338.9,0.24340
2340.0,0.24352
2341.0,0.24367
2342.1,0.24384
2343.2,0.24394
2344.2,0.24406
2345.3,0.24419
2346.3,0.24429
2347.4,0.24444
2348.5,0.24461
2349.5,0.24474
2350.6,0.24490
2351.7,0.24503
2352.7,0.24513
2353.8,0.24525
2354.9,0.24537
2355.9,0.24551
2357.0,0.24569
2358.1,0.24581
2359.1,0.24592
2360.2,0.24605
2361.3,0.24617
2362.4,0.24627
2363.4,0.24638
2364.5,0.24653
2365.6,0.24666
2366.7,0.24677
2367.8,0.24690
2368.9,0.24708
2369.9,0.24718
2371.0,0.24730
2372.1,0.24750
2373.2,0.24766
2374.3,0.24774
2375.4,0.24785
2376.4,0.24796
2377.5,0.24808
2378.6,0.24824
2379.7,0.24839
2380.8,0.24852
2381.9,0.24867
2383.0,0.24872
2384.1,0.24880
2385.2,0.24895
2386.3,0.24909
2387.4,0.24923
2388.5,0.24936
2389.6,0.24952
2390.7,0.24965
2391.8,0.24976
2392.9,0.24991
2394.0,0.25007
2395.1,0.25016
2396.2,0.25028
2397.3,0.25044
2398.4,0.25058
2399.6,0.25068
2400.7,0.25081
2401.8,0.25091
2402.9,0.25102
2404.0,0.25115
2405.1,0.25131
2406.2,0.25143
2407.4,0.25156
2408.5,0.25173
2409.6,0.25187
2410.7,0.25200
2411.8,0.25212
2412.9,0.25223
2414.1,0.25237
2415.2,0.25249
2416.3,0.25263
2417.4,0.25276
2418.6,0.25292
2419.7,0.25307
2420.8,0.25316
2422.0,0.25328
2423.1,0.25340
2424.2,0.25351
2425.4,0.25363
2426.5,0.25377
2427.6,0.25394
2428.8,0.25408
2429.9,0.25418
2431.1,0.25428
2432.2,0.25441
2433.3,0.25456
2434.5,0.25472
2435.6,0.25481
2436.8,0.25489
2437.9,0.25503
2439.1,0.25517
2440.2,0.25525
2441.4,0.25535
2442.5,0.25548
2443.6,0.25562
2444.8,0.25575
2446.0,0.25589
2447.1,0.25604
2448.3,0.25617
2449.4,0.25626
2450.6,0.25636
2451.7,0.25642
2452.9,0.25653
2454.1,0.25670
2455.2,0.25684
2456.4,0.25693
2457.6,0.25706
2458.7,0.25718
2459.9,0.25729
2461.1,0.25745
2462.2,0.25757
2463.4,0.25765
2464.6,0.25779
2465.7,0.25791
2466.9,0.25801
2468.1,0.25815
2469.3,0.25833
2470.4,0.25843
2471.6,0.25851
2472.8,0.25863
2474.0,0.25875
2475.1,0.25879
2476.3,0.25887
2477.5,0.25902
2478.7,0.25920
2479.9,0.25933
2481.1,0.25945
2482.3,0.25953
2483.4,0.25960
2484.6,0.25969
2485.8,0.25979
2487.0,0.25990
2488.2,0.26004
2489.4,0.26018
2490.6,0.26031
2491.8,0.26041
2493.0,0.26052
2494.2,0.26065
2495.4,0.26079
2496.6,0.26090
2497.8,0.26099
2499.0,0.26107
2500.2,0.26116
2501.4,0.26128
2502.6,0.26138
2503.8,0.26147
2505.0,0.26160
2506.3,0.26172
2507.5,0.26189
2508.7,0.26196
2509.9,0.26199
2511.1,0.26211
2512.3,0.26226
2513.5,0.26230
2514.8,0.26235
2516.0,0.26246
2517.2,0.26256
2518.4,0.26271
2519.6,0.26282
2520.9,0.26297
2522.1,0.26313
2523.3,0.26319
2524.6,0.26322
2525.8,0.26336
2527.0,0.26350
2528.3,0.26357
2529.5,0.26364
2530.7,0.26377
2531.9,0.26384
2533.2,0.26396
2534.4,0.26410
2535.7,0.26420
2536.9,0.26428
2538.1,0.26439
2539.4,0.26452
2540.6,0.26460
2541.9,0.26467
2543.1,0.26478
2544.4,0.26489
2545.6,0.26494
2546.9,0.26503
2548.1,0.26516
2549.4,0.26520
2550.6,0.26527
2551.9,0.26544
2553.1,0.26551
2554.4,0.26558
2555.7,0.26567
2556.9,0.26575
2558.2,0.26579
2559.4,0.26590
2560.7,0.26609
2562.0,0.26627
2563.2,0.26636
2564.5,0.26647
2565.8,0.26647
2567.1,0.26647
2568.3,0.26652
2569.6,0.26663
2570.9,0.26675
2572.1,0.26678
2573.4,0.26693
2574.7,0.26707
2576.0,0.26703
2577.3,0.26715
2578.5,0.26723
2579.8,0.26722
2581.1,0.26729
2582.4,0.26740
2583.7,0.26760
2585.0,0.26782
2586.3,0.26775
2587.5,0.26784
2588.8,0.26788
2590.1,0.26785
2591.4,0.26790
2592.7,0.26799
2594.0,0.26823
2595.3,0.26868
2596.6,0.26869
2597.9,0.26843
2599.2,0.26832
2600.5,0.26836
2601.8,0.26846
2603.1,0.26857
2604.4,0.26868
2605.8,0.26888
2607.1,0.26897
2608.4,0.26884
2609.7,0.26880
2611.0,0.26882
2612.3,0.26884
2613.6,0.26897
2614.9,0.26902
2616.3,0.26908
2617.6,0.26930
2618.9,0.26925
2620.2,0.26930
2621.6,0.26944
2622.9,0.26926
2624.2,0.26918
2625.5,0.26927
2626.9,0.26948
2628.2,0.26946
2629.5,0.26940
2630.9,0.26963
2632.2,0.26964
2633.5,0.26946
2634.9,0.26941
2636.2,0.26936
2637.6,0.26935
2638.9,0.26932
2640.2,0.26932
2641.6,0.26931
2642.9,0.26927
2644.3,0.26918
2645.6,0.26917
2647.0,0.26913
2648.3,0.26894
2649.7,0.26866
2651.0,0.26843
2652.4,0.26818
2653.8,0.26787
2655.1,0.26737
2656.5,0.26687
2657.8,0.26627
2659.2,0.26568
2660.6,0.26512
2661.9,0.26451
2663.3,0.26387
2664.7,0.26344
2666.0,0.26311
2667.4,0.26252
2668.8,0.26159
2670.1,0.26089
2671.5,0.26031
2672.9,0.25931
2674.3,0.25854
2675.7,0.25805
2677.0,0.25769
2678.4,0.25714
2679.8,0.25655
2681.2,0.25585
2682.6,0.25515
2684.0,0.25462
2685.4,0.25397
2686.8,0.25329
2688.1,0.25262
2689.5,0.25187
2690.9,0.25113
2692.3,0.25044
2693.7,0.24992
2695.1,0.24925
2696.5,0.24834
2697.9,0.24747
2699.3,0.24665
2700.8,0.24592
2702.1,0.24513
2703.6,0.24424
2705.0,0.24333
2706.4,0.24245
2707.8,0.24156
2709.2,0.24069
2710.6,0.23985
2712.1,0.23894
2713.5,0.23774
2714.9,0.23657
2716.3,0.23550
2717.7,0.23449
2719.2,0.23353
2720.6,0.23263
2722.0,0.23146
2723.4,0.23017
2724.9,0.22907
2726.3,0.22784
2727.7,0.22652
2729.2,0.22532
2730.6,0.22411
2732.1,0.22287
2733.5,0.22169
2734.9,0.22059
2736.4,0.21939
2737.8,0.21813
2739.3,0.21706
2740.7,0.21604
2742.2,0.21482
2743.6,0.21352
2745.1,0.21228
2746.5,0.21116
2748.0,0.21006
2749.4,0.20897
2750.9,0.20788
2752.4,0.20683
2753.8,0.20576
2755.3,0.20488
2756.7,0.20394
2758.2,0.20272
2759.7,0.20165
2761.1,0.20073
2762.6,0.19986
2764.1,0.19897
2765.6,0.19802
2767.0,0.19711
2768.5,0.19628
2770.0,0.19546
2771.5,0.19461
2773.0,0.19374
2774.4,0.19289
2775.9,0.19210
2777.4,0.19135
2778.9,0.19065
2780.4,0.18990
2781.9,0.18919
2783.4,0.18847
2784.9,0.18774
2786.4,0.18709
2787.9,0.18649
2789.4,0.18580
2790.9,0.18507
2792.4,0.18440
2793.9,0.18379
2795.4,0.18317
2796.9,0.18253
2798.4,0.18190
2799.9,0.18132
2801.4,0.18073
2802.9,0.18022
2804.4,0.17970
2806.0,0.17912
2807.5,0.17852
2809.0,0.17793
2810.5,0.17740
2812.1,0.17693
2813.6,0.17646
2815.1,0.17594
2816.6,0.17549
2818.2,0.17512
2819.7,0.17474
2821.2,0.17431
2822.8,0.17388
2824.3,0.17349
2825.9,0.17315
2827.4,0.17280
2828.9,0.17244
2830.5,0.17210
2832.0,0.17179
2833.6,0.17146
2835.1,0.17109
2836.7,0.17075
2838.2,0.17045
2839.8,0.17013
2841.3,0.16981
2842.9,0.16952
2844.4,0.16923
2846.0,0.16894
2847.6,0.16862
2849.1,0.16831
2850.7,0.16798
2852.3,0.16768
2853.8,0.16740
2855.4,0.16708
2857.0,0.16681
2858.6,0.16656
2860.1,0.16626
2861.7,0.16601
2863.3,0.16578
2864.9,0.16555
2866.5,0.16531
2868.1,0.16510
2869.6,0.16488
2871.2,0.16469
2872.8,0.16451
2874.4,0.16428
2876.0,0.16411
2877.6,0.16399
2879.2,0.16382
2880.8,0.16367
2882.4,0.16349
2884.0,0.16330
2885.6,0.16317
2887.2,0.16302
2888.8,0.16288
2890.4,0.16276
2892.0,0.16262
2893.6,0.16249
2895.3,0.16238
2896.9,0.16223
2898.5,0.16211
2900.1,0.16198
2901.8,0.16185
2903.4,0.16174
2905.0,0.16164
2906.6,0.16152
2908.3,0.16143
2909.9,0.16132
2911.5,0.16122
2913.2,0.16115
2914.8,0.16104
2916.4,0.16093
2918.1,0.16085
2919.7,0.16073
2921.4,0.16063
2923.0,0.16059
2924.7,0.16053
2926.3,0.16045
2928.0,0.16036
2929.6,0.16031
2931.3,0.16029
2932.9,0.16027
2934.6,0.16021
2936.3,0.16018
2937.9,0.16020
2939.6,0.16023
2941.3,0.16029
2942.9,0.16038
2944.6,0.16047
2946.3,0.16054
2947.9,0.16064
2949.6,0.16075
2951.3,0.16085
2953.0,0.16093
2954.7,0.16104
2956.3,0.16118
2958.0,0.16127
2959.7,0.16138
2961.4,0.16148
2963.1,0.16160
2964.8,0.16173
2966.5,0.16183
2968.2,0.16197
2969.9,0.16210
2971.6,0.16222
2973.3,0.16234
2975.0,0.16246
2976.7,0.16258
2978.4,0.16272
2980.1,0.16284
2981.9,0.16296
2983.6,0.16307
2985.3,0.16316
2987.0,0.16327
2988.7,0.16341
2990.4,0.16357
2992.2,0.16371
2993.9,0.16383
2995.6,0.16396
2997.4,0.16412
2999.1,0.16426
3000.8,0.16438
3002.6,0.16453
3004.3,0.16466
3006.1,0.16478
3007.8,0.16494
3009.5,0.16510
3011.3,0.16525
3013.0,0.16539
3014.8,0.16553
3016.5,0.16569
3018.3,0.16583
3020.1,0.16595
3021.8,0.16608
3023.6,0.16623
3025.3,0.16641
3027.1,0.16655
3028.9,0.16671
3030.6,0.16686
3032.4,0.16700
3034.2,0.16714
3036.0,0.16727
3037.7,0.16739
3039.5,0.16752
3041.3,0.16767
3043.1,0.16784
3044.9,0.16799
3046.7,0.16810
3048.5,0.16822
3050.3,0.16835
3052.1,0.16846
3053.8,0.16856
3055.6,0.16867
3057.4,0.16879
3059.3,0.16891
3061.1,0.16905
3062.9,0.16916
3064.7,0.16928
3066.5,0.16943
3068.3,0.16956
3070.1,0.16967
3071.9,0.16979
3073.8,0.16992
3075.6,0.17003
3077.4,0.17013
3079.2,0.17024
3081.1,0.17038
3082.9,0.17052
3084.7,0.17066
3086.6,0.17080
3088.4,0.17095
3090.2,0.17113
3092.1,0.17131
3093.9,0.17148
3095.8,0.17163
3097.6,0.17179
3099.5,0.17199
3101.3,0.17215
3103.2,0.17229
3105.1,0.17246
3106.9,0.17265
3108.8,0.17286
3110.6,0.17307
3112.5,0.17324
3114.4,0.17342
3116.2,0.17363
3118.1,0.17382
3120.0,0.17402
3121.9,0.17423
3123.8,0.17445
3125.6,0.17466
3127.5,0.17485
3129.4,0.17503
3131.3,0.17525
3133.2,0.17547
3135.1,0.17571
3137.0,0.17596
3138.9,0.17616
3140.8,0.17637
3142.7,0.17660
3144.6,0.17683
3146.5,0.17706
3148.4,0.17728
3150.3,0.17753
3152.2,0.17781
3154.1,0.17804
3156.1,0.17827
3158.0,0.17849
3159.9,0.17872
3161.8,0.17899
3163.8,0.17926
3165.7,0.17950
3167.6,0.17972
3169.6,0.17997
3171.5,0.18025
3173.5,0.18052
3175.4,0.18079
3177.3,0.18106
3179.3,0.18132
3181.2,0.18156
3183.2,0.18181
3185.1,0.18208
3187.1,0.18235
3189.1,0.18261
3191.0,0.18289
3193.0,0.18316
3195.0,0.18341
3196.9,0.18365
3198.9,0.18391
3200.9,0.18420
3202.9,0.18448
3204.8,0.18473
3206.8,0.18498
3208.8,0.18523
3210.8,0.18552
3212.8,0.18581
3214.8,0.18608
3216.8,0.18636
3218.8,0.18663
3220.8,0.18690
3222.8,0.18717
3224.8,0.18746
3226.8,0.18775
3228.8,0.18804
3230.8,0.18832
3232.8,0.18860
3234.8,0.18887
3236.8,0.18915
3238.9,0.18942
3240.9,0.18969
3242.9,0.18997
3244.9,0.19027
3247.0,0.19055
3249.0,0.19082
3251.1,0.19111
3253.1,0.19140
3255.1,0.19167
3257.2,0.19196
3259.2,0.19223
3261.3,0.19253
3263.3,0.19284
3265.4,0.19310
3267.4,0.19335
3269.5,0.19362
3271.6,0.19391
3273.6,0.19421
3275.7,0.19452
3277.8,0.19481
3279.8,0.19509
3281.9,0.19536
3284.0,0.19564
3286.1,0.19591
3288.2,0.19618
3290.2,0.19648
3292.3,0.19678
3294.4,0.19709
3296.5,0.19738
3298.6,0.19768
3300.7,0.19797
3302.8,0.19824
3304.9,0.19852
3307.0,0.19880
3309.1,0.19909
3311.3,0.19936
3313.4,0.19965
3315.5,0.19997
3317.6,0.20025
3319.7,0.20053
3321.9,0.20083
3324.0,0.20113
3326.1,0.20142
3328.3,0.20170
3330.4,0.20198
3332.5,0.20229
3334.7,0.20257
3336.8,0.20282
3339.0,0.20308
3341.1,0.20336
3343.3,0.20364
3345.4,0.20393
3347.6,0.20420
3349.8,0.20448
3351.9,0.20478
3354.1,0.20506
3356.3,0.20531
3358.4,0.20558
3360.6,0.20583
3362.8,0.20609
3365.0,0.20636
3367.2,0.20657
3369.4,0.20681
3371.5,0.20707
3373.7,0.20730
3375.9,0.20754
3378.1,0.20777
3380.3,0.20801
3382.5,0.20828
3384.7,0.20855
3386.9,0.20880
3389.2,0.20902
3391.4,0.20924
3393.6,0.20948
3395.8,0.20973
3398.1,0.21000
3400.3,0.21027
3402.5,0.21053
3404.7,0.21080
3407.0,0.21110
3409.2,0.21140
3411.5,0.21168
3413.7,0.21195
3416.0,0.21227
3418.2,0.21257
3420.5,0.21286
3422.7,0.21315
3425.0,0.21346
3427.3,0.21375
3429.5,0.21401
3431.8,0.21427
3434.1,0.21456
3436.3,0.21487
3438.6,0.21516
3440.9,0.21548
3443.2,0.21578
3445.5,0.21607
3447.8,0.21634
3450.1,0.21662
3452.4,0.21690
3454.6,0.21721
3456.9,0.21750
3459.3,0.21777
3461.6,0.21806
3463.9,0.21833
3466.2,0.21858
3468.5,0.21884
3470.8,0.21911
3473.2,0.21934
3475.5,0.21955
3477.8,0.21978
3480.1,0.22000
3482.5,0.22023
3484.8,0.22046
3487.2,0.22069
3489.5,0.22092
3491.9,0.22114
3494.2,0.22140
3496.6,0.22171
3498.9,0.22203
3501.3,0.22233
3503.7,0.22260
3506.0,0.22287
3508.4,0.22317
3510.8,0.22343
3513.2,0.22368
3515.5,0.22393
3517.9,0.22418
3520.3,0.22444
3522.7,0.22470
3525.1,0.22495
3527.5,0.22524
3529.9,0.22552
3532.3,0.22578
3534.7,0.22603
3537.1,0.22627
3539.5,0.22653
3541.9,0.22678
3544.4,0.22700
3546.8,0.22724
3549.2,0.22751
3551.7,0.22773
3554.1,0.22795
3556.5,0.22820
3559.0,0.22847
3561.4,0.22869
3563.9,0.22889
3566.3,0.22915
3568.8,0.22938
3571.2,0.22959
3573.7,0.22983
3576.1,0.23007
3578.6,0.23030
3581.1,0.23051
3583.6,0.23072
3586.0,0.23095
3588.5,0.23117
3591.0,0.23138
3593.5,0.23161
3596.0,0.23182
3598.5,0.23204
3601.0,0.23224
3603.5,0.23244
3606.0,0.23267
3608.5,0.23289
3611.0,0.23307
3613.5,0.23325
3616.1,0.23345
3618.6,0.23366
3621.1,0.23387
3623.6,0.23408
3626.2,0.23428
3628.7,0.23449
3631.3,0.23470
3633.8,0.23490
3636.3,0.23507
3638.9,0.23526
3641.4,0.23547
3644.0,0.23567
3646.6,0.23584
3649.1,0.23601
3651.7,0.23619
3654.3,0.23636
3656.9,0.23654
3659.4,0.23673
3662.0,0.23692
3664.6,0.23711
3667.2,0.23729
3669.8,0.23745
3672.4,0.23760
3675.0,0.23779
3677.6,0.23796
3680.2,0.23812
3682.8,0.23827
3685.4,0.23844
3688.1,0.23860
3690.7,0.23876
3693.3,0.23894
3695.9,0.23909
3698.6,0.23923
3701.2,0.23938
3703.9,0.23954
3706.5,0.23968
3709.2,0.23981
3711.8,0.23994
3714.5,0.24010
3717.1,0.24026
3719.8,0.24039
3722.5,0.24053
3725.2,0.24067
3727.8,0.24079
3730.5,0.24093
3733.2,0.24107
3735.9,0.24118
3738.6,0.24130
3741.3,0.24144
3744.0,0.24158
3746.7,0.24169
3749.4,0.24180
3752.1,0.24191
3754.8,0.24203
3757.6,0.24216
3760.3,0.24225
3763.0,0.24235
3765.7,0.24245
3768.5,0.24256
3771.2,0.24266
3774.0,0.24277
3776.7,0.24286
3779.5,0.24295
3782.2,0.24304
3785.0,0.24314
3787.7,0.24323
3790.5,0.24331
3793.3,0.24340
3796.1,0.24349
3798.8,0.24357
3801.6,0.24364
3804.4,0.24371
3807.2,0.24377
3810.0,0.24381
3812.8,0.24387
3815.6,0.24394
3818.4,0.24400
3821.2,0.24406
3824.1,0.24412
3826.9,0.24417
3829.7,0.24420
3832.5,0.24424
3835.4,0.24428
3838.2,0.24433
3841.1,0.24436
3843.9,0.24437
3846.8,0.24440
3849.6,0.24445
3852.5,0.24448
3855.3,0.24451
3858.2,0.24454
3861.1,0.24456
3863.9,0.24457
3866.8,0.24458
3869.7,0.24460
3872.6,0.24462
3875.5,0.24462
3878.4,0.24463
3881.3,0.24464
3884.2,0.24464
3887.1,0.24463
3890.0,0.24462
3893.0,0.24465
3895.9,0.24465
3898.8,0.24464
3901.7,0.24464
3904.7,0.24463
3907.6,0.24460
3910.6,0.24459
3913.5,0.24458
3916.5,0.24459
3919.4,0.24460
3922.4,0.24458
3925.4,0.24455
3928.4,0.24451
3931.3,0.24449
3934.3,0.24448
3937.3,0.24442
3940.3,0.24440
3943.3,0.24439
3946.3,0.24436
3949.3,0.24430
3952.3,0.24424
3955.3,0.24422
3958.3,0.24420
3961.4,0.24416
3964.4,0.24414
3967.4,0.24410
3970.5,0.24405
3973.5,0.24402
3976.6,0.24400
3979.6,0.24396
3982.6,0.24390
3985.7,0.24387
3988.8,0.24385
3991.9,0.24380
3994.9,0.24374
3998.0,0.24371
4001.1,0.24367
4004.2,0.24363
4007.3,0.24359
4010.4,0.24355
4013.5,0.24354
4016.6,0.24349
4019.7,0.24343
4022.8,0.24340
4025.9,0.24338
4029.1,0.24334
4032.2,0.24331
4035.3,0.24326
4038.5,0.24324
4041.6,0.24321
4044.8,0.24317
4047.9,0.24313
4051.1,0.24310
4054.3,0.24308
4057.4,0.24305
4060.6,0.24299
4063.8,0.24294
4067.0,0.24290
4070.2,0.24287
4073.4,0.24286
4076.6,0.24284
4079.8,0.24280
4083.0,0.24276
4086.2,0.24273
4089.4,0.24271
4092.7,0.24268
4095.9,0.24267
4099.1,0.24263
4102.4,0.24259
4105.6,0.24255
4108.9,0.24254
4112.1,0.24252
4115.4,0.24250
4118.7,0.24244
4122.0,0.24240
4125.2,0.24237
4128.5,0.24234
4131.8,0.24232
4135.1,0.24229
4138.4,0.24226
4141.7,0.24223
4145.0,0.24219
4148.3,0.24216
4151.6,0.24213
4155.0,0.24209
4158.3,0.24208
4161.6,0.24205
4165.0,0.24200
4168.3,0.24199
4171.7,0.24197
4175.0,0.24194
4178.4,0.24192
4181.8,0.24189
4185.2,0.24187
4188.5,0.24184
4191.9,0.24182
4195.3,0.24183
4198.7,0.24183
4202.1,0.24184
4205.5,0.24186
4208.9,0.24189
4212.4,0.24191
4215.8,0.24193
4219.2,0.24197
4222.6,0.24201
4226.1,0.24202
4229.5,0.24203
4233.0,0.24204
4236.5,0.24202
4239.9,0.24196
4243.4,0.24189
4246.9,0.24178
4250.3,0.24168
4253.8,0.24156
4257.3,0.24148
4260.8,0.24146
4264.3,0.24147
4267.8,0.24145
4271.3,0.24143
4274.9,0.24139
4278.4,0.24134
4281.9,0.24129
4285.5,0.24123
4289.0,0.24116
4292.6,0.24108
4296.1,0.24099
4299.7,0.24090
4303.3,0.24079
4306.8,0.24069
4310.4,0.24058
4314.0,0.24048
4317.6,0.24039
4321.2,0.24030
4324.8,0.24022
4328.4,0.24014
4332.0,0.24007
4335.6,0.24001
4339.3,0.23995
4342.9,0.23989
4346.5,0.23981
4350.2,0.23972
4353.8,0.23964
4357.5,0.23958
4361.1,0.23950
4364.8,0.23944
4368.5,0.23936
4372.2,0.23928
4375.9,0.23920
4379.6,0.23914
4383.3,0.23908
4387.0,0.23901
4390.7,0.23892
4394.4,0.23885
4398.1,0.23878
4401.9,0.23872
4405.6,0.23868
4409.4,0.23864
4413.1,0.23858
4416.9,0.23851
4420.6,0.23842
4424.4,0.23835
4428.2,0.23829
4432.0,0.23825
4435.8,0.23819
4439.6,0.23814
4443.4,0.23807
4447.2,0.23801
4451.0,0.23795
4454.8,0.23788
4458.6,0.23781
4462.5,0.23775
4466.3,0.23768
4470.2,0.23760
4474.0,0.23752
4477.9,0.23744
4481.8,0.23736
4485.6,0.23730
4489.5,0.23721
4493.4,0.23712
4497.3,0.23703
4501.2,0.23695
4505.1,0.23686
4509.0,0.23676
4513.0,0.23665
4516.9,0.23655
4520.9,0.23642
4524.8,0.23628
4528.7,0.23613
4532.7,0.23599
4536.7,0.23586
4540.6,0.23569
4544.6,0.23551
4548.6,0.23533
4552.6,0.23511
4556.6,0.23489
4560.6,0.23469
4564.6,0.23449
4568.6,0.23428
4572.7,0.23406
4576.7,0.23382
4580.8,0.23358
4584.8,0.23331
4588.9,0.23302
4592.9,0.23274
4597.0,0.23246
4601.1,0.23215
4605.2,0.23184
4609.3,0.23150
4613.4,0.23119
4617.5,0.23085
4621.6,0.23049
4625.7,0.23013
4629.8,0.22979
4634.0,0.22942
4638.1,0.22903
4642.3,0.22863
4646.4,0.22822
4650.6,0.22782
4654.8,0.22742
4659.0,0.22700
4663.1,0.22658
4667.3,0.22615
4671.5,0.22573
4675.8,0.22529
4680.0,0.22486
4684.2,0.22441
4688.4,0.22395
4692.7,0.22349
4696.9,0.22304
4701.2,0.22256
4705.5,0.22208
4709.7,0.22159
4714.0,0.22108
4718.3,0.22055
4722.6,0.22000
4726.9,0.21945
4731.2,0.21893
4735.5,0.21838
4739.9,0.21783
4744.2,0.21728
4748.5,0.21674
4752.9,0.21622
4757.3,0.21570
4761.6,0.21519
4766.0,0.21470
4770.4,0.21422
4774.8,0.21377
4779.2,0.21333
4783.6,0.21289
4788.0,0.21247
4792.4,0.21204
4796.9,0.21160
4801.3,0.21116
4805.8,0.21071
4810.2,0.21025
4814.7,0.20978
4819.1,0.20928
4823.6,0.20876
4828.1,0.20822
4832.6,0.20768
4837.1,0.20715
4841.6,0.20661
4846.2,0.20608
4850.7,0.20555
4855.3,0.20502
4859.8,0.20450
4864.4,0.20401
4868.9,0.20349
4873.5,0.20297
4878.1,0.20245
4882.7,0.20194
4887.3,0.20142
4891.9,0.20093
4896.5,0.20043
4901.1,0.19993
4905.8,0.19941
4910.4,0.19887
4915.1,0.19832
4919.7,0.19780
4924.4,0.19728
4929.1,0.19675
4933.8,0.19622
4938.5,0.19568
4943.2,0.19512
4947.9,0.19457
4952.6,0.19400
4957.4,0.19341
4962.1,0.19281
4966.9,0.19221
4971.6,0.19161
4976.4,0.19100
4981.2,0.19040
4986.0,0.18985
4990.8,0.18930
4995.6,0.18877
5000.4,0.18827
5005.2,0.18779
5010.0,0.18729
5014.9,0.18683
5019.8,0.18639
5024.6,0.18594
5029.5,0.18548
5034.4,0.18503
5039.3,0.18459
5044.2,0.18415
5049.1,0.18371
5054.0,0.18326
5058.9,0.18279
5063.9,0.18233
5068.8,0.18187
5073.8,0.18143
5078.8,0.18100
5083.7,0.18057
5088.7,0.18013
5093.7,0.17970
5098.7,0.17929
5103.7,0.17887
5108.8,0.17843
5113.8,0.17800
5118.9,0.17754
5123.9,0.17706
5129.0,0.17660
5134.1,0.17613
5139.1,0.17564
5144.3,0.17517
5149.4,0.17471
5154.5,0.17422
5159.6,0.17372
5164.7,0.17325
5169.9,0.17280
5175.0,0.17238
5180.2,0.17197
5185.4,0.17160
5190.6,0.17125
5195.8,0.17091
5201.0,0.17060
5206.2,0.17032
5211.5,0.17004
5216.7,0.16974
5222.0,0.16940
5227.2,0.16910
5232.5,0.16884
5237.8,0.16860
5243.1,0.16834
5248.4,0.16810
5253.7,0.16789
5259.0,0.16773
5264.4,0.16760
5269.7,0.16752
5275.1,0.16749
5280.5,0.16750
5285.8,0.16756
5291.2,0.16770
5296.6,0.16789
5302.0,0.16812
5307.5,0.16840
5312.9,0.16873
5318.4,0.16912
5323.8,0.16953
5329.3,0.16993
5334.8,0.17033
5340.3,0.17073
5345.8,0.17115
5351.3,0.17154
5356.8,0.17186
5362.4,0.17216
5367.9,0.17246
5373.5,0.17271
5379.0,0.17295
5384.6,0.17316
5390.2,0.17334
5395.8,0.17349
5401.5,0.17362
5407.1,0.17373
5412.7,0.17387
5418.4,0.17404
5424.1,0.17425
5429.7,0.17438
5435.4,0.17454
5441.1,0.17477
5446.9,0.17504
5452.6,0.17532
5458.3,0.17561
5464.1,0.17591
5469.8,0.17615
5475.6,0.17637
5481.4,0.17661
5487.2,0.17679
5493.0,0.17695
5498.8,0.17709
5504.7,0.17722
5510.5,0.17729
5516.4,0.17736
5522.3,0.17736
5528.1,0.17726
5534.0,0.17706
5540.0,0.17684
5545.9,0.17655
5551.8,0.17619
5557.8,0.17573
5563.7,0.17518
5569.7,0.17456
5575.7,0.17395
5581.7,0.17331
5587.7,0.17255
5593.7,0.17179
5599.8,0.17113
5605.8,0.17050
5611.9,0.16987
5618.0,0.16929
5624.1,0.16878
5630.2,0.16834
5636.3,0.16804
5642.4,0.16781
5648.6,0.16750
5654.7,0.16724
5660.9,0.16706
5667.1,0.16686
5673.3,0.16680
5679.5,0.16672
5685.7,0.16659
5692.0,0.16651
5698.2,0.16641
5704.5,0.16630
5710.8,0.16627
5717.1,0.16608
5723.4,0.16582
5729.7,0.16553
5736.0,0.16524
5742.4,0.16493
5748.8,0.16459
5755.1,0.16411
5761.5,0.16373
5768.0,0.16339
5774.4,0.16274
5780.8,0.16206
5787.3,0.16147
5793.7,0.16087
5800.2,0.16035
5806.7,0.15979
5813.2,0.15927
5819.8,0.15882
5826.3,0.15830
5832.8,0.15755
5839.4,0.15679
5846.0,0.15603
5852.6,0.15527
5859.2,0.15446
5865.8,0.15359
5872.5,0.15259
5879.1,0.15170
5885.8,0.15055
5892.5,0.14924
5899.2,0.14789
5905.9,0.14627
5912.6,0.14470
5919.4,0.14317
5926.2,0.14163
5932.9,0.14031
5939.7,0.13895
5946.5,0.13748
5953.4,0.13621
5960.2,0.13511
5967.1,0.13418
5974.0,0.13329
5980.8,0.13243
5987.8,0.13170
5994.7,0.13096
6001.6,0.13024
6008.6,0.12964
6015.5,0.12911
6022.5,0.12854
6029.5,0.12804
6036.5,0.12762
6043.6,0.12738
6050.6,0.12719
6057.7,0.12662
6064.8,0.12607
6071.9,0.12578
6079.0,0.12538
6086.1,0.12490
6093.3,0.12451
6100.5,0.12417
6107.6,0.12389
6114.9,0.12366
6122.1,0.12328
6129.3,0.12290
6136.5,0.12260
6143.8,0.12231
6151.1,0.12202
6158.4,0.12181
6165.7,0.12168
6173.1,0.12166
6180.4,0.12190
6187.8,0.12226
6195.2,0.12247
6202.6,0.12273
6210.0,0.12310
6217.5,0.12348
6225.0,0.12383
6232.4,0.12417
6239.9,0.12447
6247.5,0.12473
6255.0,0.12496
6262.5,0.12519
6270.1,0.12542
6277.7,0.12568
6285.3,0.12594
6292.9,0.12622
6300.6,0.12652
6308.3,0.12691
6315.9,0.12737
6323.6,0.12788
6331.4,0.12842
6339.1,0.12908
6346.9,0.12975
6354.6,0.13018
6362.4,0.13070
6370.3,0.13133
6378.1,0.13180
6385.9,0.13218
6393.8,0.13253
6401.7,0.13289
6409.6,0.13336
6417.6,0.13364
6425.5,0.13354
6433.5,0.13349
6441.5,0.13346
6449.5,0.13342
6457.5,0.13335
6465.6,0.13324
6473.6,0.13315
6481.7,0.13302
6489.8,0.13288
6498.0,0.13258
6506.1,0.13200
6514.3,0.13150
6522.5,0.13114
6530.7,0.13065
6538.9,0.13024
6547.2,0.12993
6555.5,0.12968
6563.8,0.12949
6572.1,0.12947
6580.4,0.12936
6588.8,0.12925
6597.2,0.12923
6605.6,0.12921
6614.0,0.12925
6622.5,0.12932
6630.9,0.12948
6639.4,0.12965
6647.9,0.12955
6656.5,0.12941
6665.0,0.12938
6673.6,0.12941
6682.2,0.12944
6690.8,0.12935
6699.5,0.12924
6708.1,0.12925
6716.8,0.12926
6725.5,0.12917
6734.3,0.12905
6743.0,0.12893
6751.8,0.12882
6760.6,0.12867
6769.4,0.12850
6778.3,0.12830
6787.1,0.12810
6796.0,0.12781
6805.0,0.12742
6813.9,0.12709
6822.9,0.12685
6831.9,0.12656
6840.9,0.12623
6849.9,0.12598
6859.0,0.12582
6868.0,0.12553
6877.2,0.12503
6886.3,0.12458
6895.5,0.12417
6904.6,0.12377
6913.8,0.12332
6923.1,0.12285
6932.3,0.12234
6941.6,0.12182
6950.9,0.12139
6960.2,0.12103
6969.6,0.12054
6979.0,0.12000
6988.4,0.11953
6997.8,0.11905
7007.3,0.11855
7016.8,0.11807
7026.3,0.11759
7035.8,0.11712
7045.4,0.11671
7054.9,0.11614
7064.5,0.11557
7074.2,0.11508
7083.9,0.11459
7093.5,0.11409
7103.3,0.11359
7113.0,0.11309
7122.8,0.11259
7132.6,0.11206
7142.4,0.11154
7152.2,0.11101
7162.1,0.11046
7172.0,0.10994
7182.0,0.10941
7191.9,0.10884
7201.9,0.10830
7211.9,0.10773
7222.0,0.10709
7232.0,0.10646
7242.1,0.10580
7252.3,0.10509
7262.4,0.10436
7272.6,0.10359
7282.8,0.10278
7293.1,0.10193
7303.3,0.10110
7313.6,0.10026
7324.0,0.09940
7334.3,0.09853
7344.7,0.09761
7355.1,0.09663
7365.6,0.09565
7376.1,0.09469
7386.6,0.09377
7397.1,0.09287
7407.7,0.09195
7418.3,0.09101
7428.9,0.09008
7439.6,0.08913
7450.2,0.08820
7461.0,0.08730
7471.7,0.08641
7482.5,0.08552
7493.3,0.08465
7504.1,0.08376
7515.0,0.08292
7525.9,0.08206
7536.9,0.08123
7547.9,0.08037
7558.9,0.07954
7569.9,0.07872
7581.0,0.07793
7592.0,0.07716
7603.2,0.07639
7614.4,0.07563
7625.5,0.07492
7636.8,0.07419
7648.0,0.07345
7659.3,0.07270
7670.7,0.07194
7682.0,0.07114
7693.4,0.07031
7704.9,0.06943
7716.3,0.06851
7727.8,0.06755
7739.4,0.06658
7750.9,0.06557
7762.5,0.06454
7774.2,0.06346
7785.8,0.06237
7797.5,0.06125
7809.3,0.06017
7821.1,0.05909
7832.9,0.05798
7844.7,0.05683
7856.6,0.05570
7868.5,0.05456
7880.5,0.05340
7892.5,0.05220
7904.5,0.05103
7916.6,0.04986
7928.7,0.04868
7940.8,0.04748
7953.0,0.04628
7965.2,0.04508
7977.5,0.04386
7989.8,0.04263
8002.1,0.04143
8014.5,0.04024
8026.9,0.03909
8039.3,0.03795
8051.8,0.03686
8064.3,0.03581
8076.9,0.03481
8089.5,0.03385
8102.1,0.03295
8114.8,0.03206
8127.5,0.03124
8140.3,0.03044
8153.1,0.02973
8165.9,0.02903
8178.8,0.02839
8191.7,0.02780
8204.7,0.02727
8217.7,0.02675
8230.7,0.02632
8243.8,0.02592
8257.0,0.02559
8270.1,0.02527
8283.3,0.02501
8296.6,0.02476
8309.9,0.02452
8323.2,0.02431
8336.6,0.02412
8350.0,0.02389
8363.5,0.02370
8377.0,0.02352
8390.5,0.02338
8404.2,0.02331
8417.8,0.02330
8431.5,0.02331
8445.2,0.02338
8459.0,0.02344
8472.8,0.02349
8486.7,0.02355
8500.6,0.02364
8514.5,0.02373
8528.5,0.02388
8542.6,0.02403
8556.7,0.02424
8570.8,0.02447
8585.0,0.02465
8599.3,0.02480
8613.5,0.02502
8627.9,0.02535
8642.3,0.02585
8656.7,0.02646
8671.2,0.02714
8685.7,0.02790
8700.3,0.02873
8714.9,0.02959
8729.5,0.03053
8744.3,0.03153
8759.0,0.03253
8773.9,0.03345
8788.7,0.03433
8803.7,0.03524
8818.6,0.03633
8833.7,0.03759
8848.7,0.03898
8863.8,0.04031
8879.0,0.04157
8894.3,0.04265
8909.5,0.04357
8924.9,0.04440
8940.3,0.04530
8955.7,0.04628
8971.2,0.04730
8986.8,0.04829
9002.3,0.04916
9018.0,0.04983
9033.7,0.05030
9049.5,0.05060
9065.3,0.05080
9081.2,0.05085
9097.1,0.05083
9113.1,0.05077
9129.1,0.05069
9145.2,0.05055
9161.4,0.05039
9177.6,0.05021
9193.9,0.05007
9210.2,0.04994
9226.6,0.04980
9243.0,0.04962
9259.5,0.04951
9276.1,0.04945
9292.7,0.04941
9309.4,0.04935
9326.2,0.04927
9343.0,0.04919
9359.8,0.04911
9376.8,0.04901
9393.8,0.04893
9410.8,0.04885
9427.9,0.04886
9445.1,0.04896
9462.3,0.04914
9479.6,0.04931
9497.0,0.04948
9514.4,0.04967
9531.9,0.04981
9549.4,0.04987
9567.0,0.04985
9584.7,0.04977
9602.5,0.04967
9620.3,0.04947
9638.2,0.04924
9656.1,0.04897
9674.2,0.04871
9692.2,0.04847
9710.4,0.04818
9728.6,0.04776
9746.9,0.04725
9765.2,0.04670
9783.7,0.04615
9802.2,0.04558
9820.7,0.04509
9839.4,0.04461
9858.1,0.04418
9876.8,0.04380
9895.7,0.04349
9914.6,0.04319
9933.6,0.04296
9952.7,0.04282
9971.8,0.04276
9991.0,0.04275
10010.3,0.04280
10029.7,0.04294
10049.1,0.04316
10068.6,0.04346
10088.2,0.04384
10107.9,0.04424
10127.6,0.04457
10147.5,0.04485
10167.3,0.04513
10187.3,0.04540
10207.4,0.04573
10227.5,0.04612
10247.7,0.04657
10268.0,0.04690
10288.4,0.04712
10308.8,0.04722
10329.4,0.04725
10350.0,0.04731
10370.7,0.04750
10391.5,0.04780
10412.3,0.04818
10433.3,0.04849
10454.3,0.04864
10475.4,0.04855
10496.7,0.04841
10517.9,0.04832
10539.3,0.04833
10560.8,0.04839
10582.3,0.04849
10604.0,0.04867
10625.7,0.04889
10647.5,0.04901
10669.4,0.04904
10691.4,0.04899
10713.5,0.04884
10735.7,0.04850
10758.0,0.04805
10780.3,0.04753
10802.8,0.04695
10825.4,0.04628
10848.0,0.04555
10870.8,0.04473
10893.6,0.04398
10916.5,0.04335
10939.5,0.04291
10962.7,0.04269
10985.9,0.04286
11009.2,0.04343
11032.7,0.04436
11056.2,0.04542
11079.8,0.04653
11103.5,0.04762
11127.4,0.04868
11151.3,0.04970
11175.3,0.05066
11199.5,0.05151
11223.7,0.05225
11248.0,0.05283
11272.5,0.05328
11297.1,0.05358
11321.7,0.05373
11346.5,0.05374
11371.4,0.05372
11396.4,0.05362
11421.5,0.05337
11446.7,0.05306
11472.0,0.05279
11497.5,0.05244
11523.0,0.05209
11548.7,0.05175
11574.4,0.05146
11600.3,0.05119
11626.3,0.05097
11652.5,0.05079
11678.7,0.05065
11705.1,0.05054
11731.6,0.05054
11758.2,0.05055
11784.9,0.05064
11811.7,0.05069
11838.7,0.05075
11865.8,0.05085
11893.0,0.05111
11920.3,0.05148
11947.8,0.05200
11975.4,0.05259
12003.1,0.05316
12031.0,0.05373
12059.0,0.05431
12087.1,0.05486
12115.3,0.05537
12143.7,0.05586
12172.2,0.05631
12200.8,0.05666
12229.6,0.05698
12258.5,0.05723
12287.6,0.05738
12316.8,0.05734
12346.1,0.05719
12375.5,0.05685
12405.2,0.05635
12434.9,0.05573
12464.8,0.05505
12494.8,0.05431
12525.0,0.05360
12555.3,0.05292
12585.8,0.05231
12616.4,0.05171
12647.2,0.05107
12678.1,0.05032
12709.2,0.04954
12740.4,0.04867
12771.8,0.04777
12803.3,0.04687
12835.0,0.04602
12866.9,0.04529
12898.9,0.04470
12931.1,0.04417
12963.4,0.04358
12995.9,0.04298
13028.5,0.04230
13061.3,0.04145
13094.3,0.04057
13127.5,0.03966
13160.8,0.03889
13194.3,0.03831
13228.0,0.03783
13261.8,0.03741
13295.8,0.03701
13330.0,0.03650
13364.3,0.03577
13398.8,0.03489
13433.6,0.03405
13468.5,0.03323
13503.5,0.03244
13538.8,0.03159
13574.2,0.03083
13609.9,0.03026
13645.7,0.02988
13681.7,0.02977
13717.9,0.03001
13754.3,0.03039
13790.8,0.03079
13827.6,0.03121
13864.6,0.03165
13901.8,0.03202
13939.2,0.03229
13976.7,0.03231
14014.5,0.03218
14052.5,0.03190
14090.7,0.03143
14129.0,0.03072
14167.6,0.02995
14206.5,0.02919
14245.5,0.02844
14284.7,0.02764
14324.2,0.02698
14363.9,0.02647
14403.8,0.02606
14443.9,0.02570
14484.3,0.02539
14524.8,0.02506
14565.6,0.02474
14606.7,0.02435
14647.9,0.02393
14689.4,0.02346
14731.2,0.02301
14773.1,0.02271
14815.3,0.02251
14857.8,0.02241
14900.5,0.02238
14943.4,0.02234
14986.6,0.02230
15030.0,0.02219
15073.7,0.02199
15117.7,0.02174
15161.9,0.02158
15206.3,0.02148
15251.1,0.02155
15296.1,0.02187
15341.3,0.02252
15386.8,0.02341
15432.6,0.02457
15478.7,0.02578
15525.0,0.02694
15571.7,0.02796
15618.6,0.02878
15665.8,0.02930
15713.2,0.02968
15761.0,0.02992
15809.0,0.03007
15857.4,0.03012
15906.0,0.03020
15955.0,0.03022
16004.2,0.03019
16053.8,0.03010
16103.6,0.03004
16153.8,0.03004
16204.3,0.03029
16255.1,0.03079
16306.2,0.03149
16357.6,0.03244
16409.4,0.03356
16461.5,0.03466
16513.9,0.03590
16566.7,0.03711
16619.8,0.03820
16673.2,0.03929
16727.0,0.04038
16781.1,0.04136
16835.6,0.04222
16890.5,0.04295
16945.7,0.04354
17001.2,0.04390
17057.2,0.04423
17113.4,0.04461
17170.1,0.04501
17227.2,0.04543
17284.6,0.04598
17342.4,0.04665
17400.6,0.04760
17459.2,0.04863
17518.2,0.04953
17577.5,0.05026
17637.3,0.05088
17697.5,0.05132
17758.1,0.05170
17819.2,0.05205
17880.6,0.05240
17942.5,0.05282
18004.8,0.05348
18067.5,0.05427
18130.7,0.05517
18194.3,0.05598
18258.4,0.05673
18322.9,0.05750
18387.9,0.05796
18453.3,0.05802
18519.2,0.05794
18585.6,0.05777
18652.4,0.05765
18719.8,0.05775
18787.6,0.05790
18855.9,0.05801
18924.7,0.05830
18994.1,0.05895
19063.9,0.06009
19134.2,0.06144
19205.1,0.06294
19276.5,0.06449
19348.4,0.06600
19420.9,0.06701
19493.9,0.06751
19567.5,0.06786
19641.6,0.06823
19716.3,0.06823
19791.5,0.06800
19867.3,0.06770
19943.8,0.06739
20020.8,0.06680
20098.4,0.06632
20176.6,0.06574
20255.4,0.06501
20334.8,0.06438
20414.9,0.06363
20495.6,0.06267
20576.9,0.06176
20658.9,0.06082
20741.5,0.05979
20824.8,0.05851
20908.8,0.05733
20993.4,0.05624
21078.8,0.05528
21164.8,0.05423
21251.6,0.05349
21339.0,0.05314
21427.2,0.05300
21516.1,0.05259
21605.8,0.05237
21696.2,0.05208
21787.3,0.05176
21879.3,0.05127
21972.0,0.05078
22065.5,0.05032
22159.7,0.04995
22254.8,0.04965
22350.8,0.04941
22447.5,0.04906
22545.1,0.04899
22643.6,0.04905
22742.9,0.04882
22843.1,0.04886
22944.2,0.04899
23046.2,0.04868
23149.0,0.04865
23252.8,0.04855
23357.6,0.04850
23463.3,0.04810
23569.9,0.04806
23677.5,0.04776
23786.1,0.04728
23895.8,0.04707
24006.4,0.04723
24118.0,0.04679
24230.7,0.04692
24344.5,0.04753
24459.4,0.04742
24575.3,0.04702
24692.3,0.04711
24810.4,0.04722
24929.7,0.04637
25050.2,0.04582



